0.000000000000000000e+00 -4.244626408080179658e+00 -4.244626408080177882e+00 -2.760269622302544246e+00 -2.760269622302544246e+00 -2.832405256667275273e-01 -2.832405256667269167e-01 2.832405256667274718e-01 2.832405256667277493e-01 2.760269622302543358e+00 2.760269622302544246e+00 4.244626408080177882e+00 4.244626408080181434e+00
1.000000000000000000e+00 -4.244291373896976971e+00 -4.244291373896976083e+00 -2.760317686097556233e+00 -2.760317686097555789e+00 -2.914034741916470828e-01 -2.914034741916466942e-01 2.914034741916476379e-01 2.914034741916481375e-01 2.760317686097554901e+00 2.760317686097555789e+00 4.244291373896975195e+00 4.244291373896976083e+00
2.000000000000000000e+00 -4.243286177975453377e+00 -4.243286177975448048e+00 -2.760462505091910046e+00 -2.760462505091907381e+00 -3.146044665395494877e-01 -3.146044665395488771e-01 3.146044665395502649e-01 3.146044665395515416e-01 2.760462505091906493e+00 2.760462505091906937e+00 4.243286177975448048e+00 4.243286177975449824e+00
3.000000000000000000e+00 -4.241610543447221993e+00 -4.241610543447220216e+00 -2.760705961854835966e+00 -2.760705961854834634e+00 -3.498113884826403175e-01 -3.498113884826393183e-01 3.498113884826398179e-01 3.498113884826399289e-01 2.760705961854833745e+00 2.760705961854835078e+00 4.241610543447218440e+00 4.241610543447221993e+00
4.000000000000000000e+00 -4.239264019684632956e+00 -4.239264019684632068e+00 -2.761051193272577198e+00 -2.761051193272576754e+00 -3.937387432666002995e-01 -3.937387432665994669e-01 3.937387432666007991e-01 3.937387432666008547e-01 2.761051193272577198e+00 2.761051193272578530e+00 4.239264019684631180e+00 4.239264019684632956e+00
5.000000000000000000e+00 -4.236245998514227118e+00 -4.236245998514225342e+00 -2.761502589920156847e+00 -2.761502589920155959e+00 -4.437069995054182536e-01 -4.437069995054161997e-01 4.437069995054141458e-01 4.437069995054159777e-01 2.761502589920155515e+00 2.761502589920155959e+00 4.236245998514228006e+00 4.236245998514228894e+00
6.000000000000000000e+00 -4.232555736887354314e+00 -4.232555736887352538e+00 -2.762065796109224536e+00 -2.762065796109222759e+00 -4.977888573737211386e-01 -4.977888573737181965e-01 4.977888573737191402e-01 4.977888573737202504e-01 2.762065796109222759e+00 2.762065796109223204e+00 4.232555736887351650e+00 4.232555736887353426e+00
7.000000000000000000e+00 -4.228192385988799096e+00 -4.228192385988798208e+00 -2.762747711529954131e+00 -2.762747711529953243e+00 -5.546599279630195500e-01 -5.546599279630176627e-01 5.546599279630171075e-01 5.546599279630181067e-01 2.762747711529953243e+00 2.762747711529953687e+00 4.228192385988797319e+00 4.228192385988799096e+00
8.000000000000000000e+00 -4.223155026771847176e+00 -4.223155026771845399e+00 -2.763556495652640166e+00 -2.763556495652637057e+00 -6.134140012668093389e-01 -6.134140012668082287e-01 6.134140012668081177e-01 6.134140012668091169e-01 2.763556495652637945e+00 2.763556495652639722e+00 4.223155026771846288e+00 4.223155026771846288e+00
9.000000000000000000e+00 -4.217442711925830423e+00 -4.217442711925829535e+00 -2.764501576288143525e+00 -2.764501576288141749e+00 -6.734207113295560543e-01 -6.734207113295542779e-01 6.734207113295545000e-01 6.734207113295552771e-01 2.764501576288142637e+00 2.764501576288143525e+00 4.217442711925829535e+00 4.217442711925830423e+00
1.000000000000000000e+01 -4.211054514312264629e+00 -4.211054514312262853e+00 -2.765593663919486467e+00 -2.765593663919482914e+00 -7.342297782400060147e-01 -7.342297782400039052e-01 7.342297782400047934e-01 7.342297782400061257e-01 2.765593663919484690e+00 2.765593663919484690e+00 4.211054514312263741e+00 4.211054514312263741e+00
1.100000000000000000e+01 -4.203989581951063315e+00 -4.203989581951063315e+00 -2.766844773599656637e+00 -2.766844773599653973e+00 -7.955093494203255844e-01 -7.955093494203251403e-01 7.955093494203256954e-01 7.955093494203262505e-01 2.766844773599653529e+00 2.766844773599654861e+00 4.203989581951065091e+00 4.203989581951065091e+00
1.200000000000000000e+01 -4.196247199701999442e+00 -4.196247199701998554e+00 -2.768268256350020273e+00 -2.768268256350019385e+00 -8.570065852752082325e-01 -8.570065852752067892e-01 8.570065852752066782e-01 8.570065852752066782e-01 2.768268256350018941e+00 2.768268256350019385e+00 4.196247199701999442e+00 4.196247199702000330e+00
1.300000000000000000e+01 -4.187826857871943531e+00 -4.187826857871941755e+00 -2.769878842069984692e+00 -2.769878842069982028e+00 -9.185222324569415342e-01 -9.185222324569397578e-01 9.185222324569386476e-01 9.185222324569390917e-01 2.769878842069983360e+00 2.769878842069984248e+00 4.187826857871942643e+00 4.187826857871943531e+00
1.400000000000000000e+01 -4.178728328089947652e+00 -4.178728328089944100e+00 -2.771692695955228825e+00 -2.771692695955228825e+00 -9.798939410905249670e-01 -9.798939410905235237e-01 9.798939410905246339e-01 9.798939410905250780e-01 2.771692695955228825e+00 2.771692695955229269e+00 4.178728328089945876e+00 4.178728328089947652e+00
1.500000000000000000e+01 -4.168951746934461688e+00 -4.168951746934459912e+00 -2.773727490280864849e+00 -2.773727490280863073e+00 -1.040985089790160245e+00 -1.040985089790159357e+00 1.040985089790161799e+00 1.040985089790163132e+00 2.773727490280861296e+00 2.773727490280863073e+00 4.168951746934458136e+00 4.168951746934461688e+00
1.600000000000000000e+01 -4.158497707976429147e+00 -4.158497707976429147e+00 -2.776002493085420131e+00 -2.776002493085420131e+00 -1.101677127064259576e+00 -1.101677127064258688e+00 1.101677127064258466e+00 1.101677127064259354e+00 2.776002493085419687e+00 2.776002493085421019e+00 4.158497707976430036e+00 4.158497707976431812e+00
1.700000000000000000e+01 -4.147367363126164719e+00 -4.147367363126161166e+00 -2.778538674720546275e+00 -2.778538674720544499e+00 -1.161864193075669460e+00 -1.161864193075669238e+00 1.161864193075667684e+00 1.161864193075668572e+00 2.778538674720545831e+00 2.778538674720548052e+00 4.147367363126162054e+00 4.147367363126162942e+00
1.800000000000000000e+01 -4.135562534450420991e+00 -4.135562534450420102e+00 -2.781358832313287621e+00 -2.781358832313286733e+00 -1.221449244029587655e+00 -1.221449244029587433e+00 1.221449244029587655e+00 1.221449244029587655e+00 2.781358832313286733e+00 2.781358832313286733e+00 4.135562534450419214e+00 4.135562534450419214e+00
1.900000000000000000e+01 -4.123085837971649070e+00 -4.123085837971649070e+00 -2.784487730796095128e+00 -2.784487730796092464e+00 -1.280341182438044401e+00 -1.280341182438041958e+00 1.280341182438040848e+00 1.280341182438041736e+00 2.784487730796093352e+00 2.784487730796094684e+00 4.123085837971650847e+00 4.123085837971651735e+00
2.000000000000000000e+01 -4.109940821389511001e+00 -4.109940821389509225e+00 -2.787952257128186950e+00 -2.787952257128185174e+00 -1.338452671681661821e+00 -1.338452671681655382e+00 1.338452671681658268e+00 1.338452671681660044e+00 2.787952257128185174e+00 2.787952257128186950e+00 4.109940821389511001e+00 4.109940821389511001e+00
2.100000000000000000e+01 -4.096132118196620375e+00 -4.096132118196620375e+00 -2.791781581451833638e+00 -2.791781581451831862e+00 -1.395698424957412698e+00 -1.395698424957410477e+00 1.395698424957411587e+00 1.395698424957412920e+00 2.791781581451831418e+00 2.791781581451834526e+00 4.096132118196617711e+00 4.096132118196619487e+00
2.200000000000000000e+01 -4.081665621322656534e+00 -4.081665621322654758e+00 -2.796007314943937061e+00 -2.796007314943934841e+00 -1.451993832009062402e+00 -1.451993832009061736e+00 1.451993832009061069e+00 1.451993832009063290e+00 2.796007314943935729e+00 2.796007314943935729e+00 4.081665621322653870e+00 4.081665621322655646e+00
2.300000000000000000e+01 -4.066548680268686766e+00 -4.066548680268684990e+00 -2.800663648743477729e+00 -2.800663648743477729e+00 -1.507253837127957352e+00 -1.507253837127956020e+00 1.507253837127954910e+00 1.507253837127956686e+00 2.800663648743476841e+00 2.800663648743478173e+00 4.066548680268685878e+00 4.066548680268685878e+00
2.400000000000000000e+01 -4.050790326732838231e+00 -4.050790326732837343e+00 -2.805787451249578623e+00 -2.805787451249575959e+00 -1.561392018057932818e+00 -1.561392018057930597e+00 1.561392018057931708e+00 1.561392018057933484e+00 2.805787451249576847e+00 2.805787451249578623e+00 4.050790326732836455e+00 4.050790326732838231e+00
2.500000000000000000e+01 -4.034401535039460640e+00 -4.034401535039457087e+00 -2.811418292015846365e+00 -2.811418292015844589e+00 -1.614319843389189657e+00 -1.614319843389186993e+00 1.614319843389187659e+00 1.614319843389189657e+00 2.811418292015845921e+00 2.811418292015846365e+00 4.034401535039458864e+00 4.034401535039459752e+00
2.600000000000000000e+01 -4.017395525345909491e+00 -4.017395525345907714e+00 -2.817598349260542978e+00 -2.817598349260541646e+00 -1.665946109307949063e+00 -1.665946109307947953e+00 1.665946109307946621e+00 1.665946109307949508e+00 2.817598349260541646e+00 2.817598349260545199e+00 4.017395525345907714e+00 4.017395525345907714e+00
2.700000000000000000e+01 -3.999788119717295309e+00 -3.999788119717294421e+00 -2.824372144784223160e+00 -2.824372144784223160e+00 -1.716176577147751070e+00 -1.716176577147748405e+00 1.716176577147748405e+00 1.716176577147749738e+00 2.824372144784223160e+00 2.824372144784223160e+00 3.999788119717293533e+00 3.999788119717293533e+00
2.800000000000000000e+01 -3.981598163865892825e+00 -3.981598163865892381e+00 -2.831786035437464211e+00 -2.831786035437464211e+00 -1.764913851733792782e+00 -1.764913851733791228e+00 1.764913851733790562e+00 1.764913851733791672e+00 2.831786035437463322e+00 2.831786035437468207e+00 3.981598163865889717e+00 3.981598163865891493e+00
2.900000000000000000e+01 -3.962848030823320045e+00 -3.962848030823319156e+00 -2.839887375572629935e+00 -2.839887375572628603e+00 -1.812057556403494418e+00 -1.812057556403493308e+00 1.812057556403493308e+00 1.812057556403494862e+00 2.839887375572627271e+00 2.839887375572630823e+00 3.962848030823319601e+00 3.962848030823320045e+00
3.000000000000000000e+01 -3.943564227276271872e+00 -3.943564227276270984e+00 -2.848723252560572572e+00 -2.848723252560568131e+00 -1.857504871790681911e+00 -1.857504871790680134e+00 1.857504871790679024e+00 1.857504871790680800e+00 2.848723252560569019e+00 2.848723252560571240e+00 3.943564227276271428e+00 3.943564227276271428e+00
3.100000000000000000e+01 -3.923778129033089090e+00 -3.923778129033087758e+00 -2.858338691116217412e+00 -2.858338691116215635e+00 -1.901151508440796833e+00 -1.901151508440794835e+00 1.901151508440795501e+00 1.901151508440797278e+00 2.858338691116215191e+00 2.858338691116216967e+00 3.923778129033086870e+00 3.923778129033086870e+00
3.200000000000000000e+01 -3.903526879443647957e+00 -3.903526879443647069e+00 -2.868774226644360770e+00 -2.868774226644358549e+00 -1.942893173225111569e+00 -1.942893173225108239e+00 1.942893173225109571e+00 1.942893173225111125e+00 2.868774226644358549e+00 2.868774226644361214e+00 3.903526879443645292e+00 3.903526879443646180e+00
3.300000000000000000e+01 -3.882854493960962383e+00 -3.882854493960960607e+00 -2.880062768283138119e+00 -2.880062768283134567e+00 -1.982627560946208956e+00 -1.982627560946205847e+00 1.982627560946205403e+00 1.982627560946208067e+00 2.880062768283133678e+00 2.880062768283138563e+00 3.882854493960959719e+00 3.882854493960960607e+00
3.400000000000000000e+01 -3.861813225801565164e+00 -3.861813225801564720e+00 -2.892225712791839154e+00 -2.892225712791837822e+00 -2.020256851212709925e+00 -2.020256851212705040e+00 2.020256851212706817e+00 2.020256851212710814e+00 2.892225712791837378e+00 2.892225712791841374e+00 3.861813225801562943e+00 3.861813225801563831e+00
3.500000000000000000e+01 -3.840465262097896293e+00 -3.840465262097895849e+00 -2.905268331219691635e+00 -2.905268331219690747e+00 -2.055690616118704739e+00 -2.055690616118700298e+00 2.055690616118699410e+00 2.055690616118704295e+00 2.905268331219691635e+00 2.905268331219692080e+00 3.840465262097895849e+00 3.840465262097896737e+00
3.600000000000000000e+01 -3.818884836891030421e+00 -3.818884836891028645e+00 -2.919174525242152818e+00 -2.919174525242147489e+00 -2.088848952869129860e+00 -2.088848952869126308e+00 2.088848952869127640e+00 2.088848952869130304e+00 2.919174525242148377e+00 2.919174525242151930e+00 3.818884836891027312e+00 3.818884836891028201e+00
3.700000000000000000e+01 -3.797160865624547021e+00 -3.797160865624544801e+00 -2.933901124943840255e+00 -2.933901124943839367e+00 -2.119665562673694659e+00 -2.119665562673693771e+00 2.119665562673693326e+00 2.119665562673695991e+00 2.933901124943836702e+00 2.933901124943840699e+00 3.797160865624545245e+00 3.797160865624545245e+00
3.800000000000000000e+01 -3.775400222100442349e+00 -3.775400222100439684e+00 -2.949371954330382462e+00 -2.949371954330378465e+00 -2.148090426724747815e+00 -2.148090426724744262e+00 2.148090426724744706e+00 2.148090426724746482e+00 2.949371954330379353e+00 2.949371954330382017e+00 3.775400222100441017e+00 3.775400222100441905e+00
3.900000000000000000e+01 -3.753731785295471468e+00 -3.753731785295469248e+00 -2.965471906149609094e+00 -2.965471906149605097e+00 -2.174091708570781822e+00 -2.174091708570780046e+00 2.174091708570778270e+00 2.174091708570781378e+00 2.965471906149607317e+00 2.965471906149609094e+00 3.753731785295469692e+00 3.753731785295471468e+00
4.000000000000000000e+01 -3.732311363592207609e+00 -3.732311363592205833e+00 -2.982041240152299988e+00 -2.982041240152296435e+00 -2.197656559678071275e+00 -2.197656559678068167e+00 2.197656559678069943e+00 2.197656559678071275e+00 2.982041240152297767e+00 2.982041240152300876e+00 3.732311363592204501e+00 3.732311363592205389e+00
4.100000000000000000e+01 -3.711327526069404303e+00 -3.711327526069403415e+00 -2.998870277752589075e+00 -2.998870277752585523e+00 -2.218790624206899320e+00 -2.218790624206896656e+00 2.218790624206897544e+00 2.218790624206899764e+00 2.998870277752588187e+00 2.998870277752590408e+00 3.711327526069399418e+00 3.711327526069402083e+00
4.200000000000000000e+01 -3.691008177595118234e+00 -3.691008177595117790e+00 -3.015694688104365362e+00 -3.015694688104360921e+00 -2.237516210006762485e+00 -2.237516210006757600e+00 2.237516210006760264e+00 2.237516210006761153e+00 3.015694688104362253e+00 3.015694688104364474e+00 3.691008177595115569e+00 3.691008177595115569e+00
4.300000000000000000e+01 -3.671627314671263687e+00 -3.671627314671260134e+00 -3.032191776548051276e+00 -3.032191776548047724e+00 -2.253869276810213318e+00 -2.253869276810211542e+00 2.253869276810212430e+00 2.253869276810213318e+00 3.032191776548049500e+00 3.032191776548050832e+00 3.671627314671261022e+00 3.671627314671261910e+00
4.400000000000000000e+01 -3.653510668331197309e+00 -3.653510668331196420e+00 -3.047978764326648271e+00 -3.047978764326645162e+00 -2.267895545417440317e+00 -2.267895545417437653e+00 2.267895545417439873e+00 2.267895545417440761e+00 3.047978764326645607e+00 3.047978764326647827e+00 3.653510668331196420e+00 3.653510668331196420e+00
4.500000000000000000e+01 -3.637037773743109881e+00 -3.637037773743108104e+00 -3.062615126734998139e+00 -3.062615126734994142e+00 -2.279646120152514666e+00 -2.279646120152514222e+00 2.279646120152515554e+00 2.279646120152515554e+00 3.062615126734996363e+00 3.062615126734999027e+00 3.637037773743105884e+00 3.637037773743106772e+00
4.600000000000000000e+01 -3.622636483648518979e+00 -3.622636483648517203e+00 -3.075612566367959655e+00 -3.075612566367959211e+00 -2.289173029996794284e+00 -2.289173029996792508e+00 2.289173029996794284e+00 2.289173029996795172e+00 3.075612566367960543e+00 3.075612566367960543e+00 3.622636483648516315e+00 3.622636483648516315e+00
4.700000000000000000e+01 -3.610764674444908895e+00 -3.610764674444904898e+00 -3.086457516920906308e+00 -3.086457516920904087e+00 -2.296525043440169611e+00 -2.296525043440166058e+00 2.296525043440166947e+00 2.296525043440168279e+00 3.086457516920903199e+00 3.086457516920905864e+00 3.610764674444907119e+00 3.610764674444907563e+00
4.800000000000000000e+01 -3.601874409789929565e+00 -3.601874409789926013e+00 -3.094650644419510765e+00 -3.094650644419508101e+00 -2.301744024702185865e+00 -2.301744024702184976e+00 2.301744024702186309e+00 2.301744024702186309e+00 3.094650644419508989e+00 3.094650644419510321e+00 3.601874409789924680e+00 3.601874409789926457e+00
4.900000000000000000e+01 -3.596358322132550800e+00 -3.596358322132548135e+00 -3.099763412504755511e+00 -3.099763412504754179e+00 -2.304862003803029413e+00 -2.304862003803027637e+00 2.304862003803028081e+00 2.304862003803029857e+00 3.099763412504755067e+00 3.099763412504755955e+00 3.596358322132549468e+00 3.596358322132549468e+00
5.000000000000000000e+01 -3.594487259458343242e+00 -3.594487259458342354e+00 -3.101502572078636000e+00 -3.101502572078636000e+00 -2.305899052509388980e+00 -2.305899052509388536e+00 2.305899052509388980e+00 2.305899052509389868e+00 3.101502572078636000e+00 3.101502572078636444e+00 3.594487259458341910e+00 3.594487259458343242e+00
5.100000000000000000e+01 -3.596358322132548579e+00 -3.596358322132548579e+00 -3.099763412504756399e+00 -3.099763412504755511e+00 -2.304862003803028081e+00 -2.304862003803026749e+00 2.304862003803027637e+00 2.304862003803029413e+00 3.099763412504754623e+00 3.099763412504755955e+00 3.596358322132547691e+00 3.596358322132548135e+00
5.200000000000000000e+01 -3.601874409789927345e+00 -3.601874409789927345e+00 -3.094650644419509877e+00 -3.094650644419508989e+00 -2.301744024702185420e+00 -2.301744024702184976e+00 2.301744024702185420e+00 2.301744024702185865e+00 3.094650644419509433e+00 3.094650644419511210e+00 3.601874409789926901e+00 3.601874409789926901e+00
5.300000000000000000e+01 -3.610764674444908451e+00 -3.610764674444906674e+00 -3.086457516920904975e+00 -3.086457516920904087e+00 -2.296525043440167391e+00 -2.296525043440166947e+00 2.296525043440166947e+00 2.296525043440167835e+00 3.086457516920904531e+00 3.086457516920905420e+00 3.610764674444906674e+00 3.610764674444908895e+00
5.400000000000000000e+01 -3.622636483648516315e+00 -3.622636483648516315e+00 -3.075612566367961431e+00 -3.075612566367959211e+00 -2.289173029996793396e+00 -2.289173029996792508e+00 2.289173029996791620e+00 2.289173029996793396e+00 3.075612566367957879e+00 3.075612566367961431e+00 3.622636483648517203e+00 3.622636483648518091e+00
5.500000000000000000e+01 -3.637037773743105884e+00 -3.637037773743105884e+00 -3.062615126734999027e+00 -3.062615126734995030e+00 -2.279646120152514666e+00 -2.279646120152513777e+00 2.279646120152514222e+00 2.279646120152515554e+00 3.062615126734995030e+00 3.062615126734997251e+00 3.637037773743103664e+00 3.637037773743104552e+00
5.600000000000000000e+01 -3.653510668331197753e+00 -3.653510668331197309e+00 -3.047978764326648715e+00 -3.047978764326646051e+00 -2.267895545417439429e+00 -2.267895545417438985e+00 2.267895545417438541e+00 2.267895545417440317e+00 3.047978764326643830e+00 3.047978764326646939e+00 3.653510668331195976e+00 3.653510668331199973e+00
5.700000000000000000e+01 -3.671627314671264575e+00 -3.671627314671261022e+00 -3.032191776548050388e+00 -3.032191776548049944e+00 -2.253869276810212430e+00 -2.253869276810211097e+00 2.253869276810211986e+00 2.253869276810213762e+00 3.032191776548049056e+00 3.032191776548051276e+00 3.671627314671258357e+00 3.671627314671261910e+00
5.800000000000000000e+01 -3.691008177595119122e+00 -3.691008177595116457e+00 -3.015694688104366250e+00 -3.015694688104365362e+00 -2.237516210006761153e+00 -2.237516210006759376e+00 2.237516210006759376e+00 2.237516210006762485e+00 3.015694688104360921e+00 3.015694688104367138e+00 3.691008177595116901e+00 3.691008177595120898e+00
5.900000000000000000e+01 -3.711327526069402083e+00 -3.711327526069401195e+00 -2.998870277752589519e+00 -2.998870277752589519e+00 -2.218790624206898876e+00 -2.218790624206897544e+00 2.218790624206898432e+00 2.218790624206901541e+00 2.998870277752584634e+00 2.998870277752588187e+00 3.711327526069402083e+00 3.711327526069403415e+00
6.000000000000000000e+01 -3.732311363592207165e+00 -3.732311363592207165e+00 -2.982041240152300432e+00 -2.982041240152298656e+00 -2.197656559678070387e+00 -2.197656559678068167e+00 2.197656559678069055e+00 2.197656559678071719e+00 2.982041240152295103e+00 2.982041240152299988e+00 3.732311363592207609e+00 3.732311363592207609e+00
6.100000000000000000e+01 -3.753731785295470580e+00 -3.753731785295469692e+00 -2.965471906149609538e+00 -2.965471906149607317e+00 -2.174091708570779602e+00 -2.174091708570777381e+00 2.174091708570778714e+00 2.174091708570780490e+00 2.965471906149603321e+00 2.965471906149607761e+00 3.753731785295470580e+00 3.753731785295472356e+00
6.200000000000000000e+01 -3.775400222100442793e+00 -3.775400222100440573e+00 -2.949371954330381129e+00 -2.949371954330379797e+00 -2.148090426724746038e+00 -2.148090426724742930e+00 2.148090426724743818e+00 2.148090426724747815e+00 2.949371954330377577e+00 2.949371954330379797e+00 3.775400222100441461e+00 3.775400222100441461e+00
6.300000000000000000e+01 -3.797160865624547021e+00 -3.797160865624546133e+00 -2.933901124943840255e+00 -2.933901124943837591e+00 -2.119665562673694659e+00 -2.119665562673692882e+00 2.119665562673696435e+00 2.119665562673697323e+00 2.933901124943836702e+00 2.933901124943838479e+00 3.797160865624547910e+00 3.797160865624548354e+00
6.400000000000000000e+01 -3.818884836891028201e+00 -3.818884836891028201e+00 -2.919174525242152374e+00 -2.919174525242149265e+00 -2.088848952869128972e+00 -2.088848952869127196e+00 2.088848952869126308e+00 2.088848952869130748e+00 2.919174525242148821e+00 2.919174525242152818e+00 3.818884836891028201e+00 3.818884836891030421e+00
6.500000000000000000e+01 -3.840465262097898513e+00 -3.840465262097897625e+00 -2.905268331219692524e+00 -2.905268331219690303e+00 -2.055690616118701186e+00 -2.055690616118700742e+00 2.055690616118701186e+00 2.055690616118703407e+00 2.905268331219689859e+00 2.905268331219693412e+00 3.840465262097897181e+00 3.840465262097901178e+00
6.600000000000000000e+01 -3.861813225801565164e+00 -3.861813225801564275e+00 -2.892225712791841374e+00 -2.892225712791838710e+00 -2.020256851212709481e+00 -2.020256851212706817e+00 2.020256851212706817e+00 2.020256851212710814e+00 2.892225712791838710e+00 2.892225712791840042e+00 3.861813225801563831e+00 3.861813225801565608e+00
6.700000000000000000e+01 -3.882854493960959719e+00 -3.882854493960958830e+00 -2.880062768283136787e+00 -2.880062768283134567e+00 -1.982627560946206957e+00 -1.982627560946203849e+00 1.982627560946205625e+00 1.982627560946209400e+00 2.880062768283132790e+00 2.880062768283135455e+00 3.882854493960957498e+00 3.882854493960961939e+00
6.800000000000000000e+01 -3.903526879443646180e+00 -3.903526879443645292e+00 -2.868774226644360770e+00 -2.868774226644358105e+00 -1.942893173225112236e+00 -1.942893173225108905e+00 1.942893173225108905e+00 1.942893173225116454e+00 2.868774226644357217e+00 2.868774226644360326e+00 3.903526879443647069e+00 3.903526879443647069e+00
6.900000000000000000e+01 -3.923778129033087758e+00 -3.923778129033087314e+00 -2.858338691116219632e+00 -2.858338691116216079e+00 -1.901151508440796389e+00 -1.901151508440795057e+00 1.901151508440795945e+00 1.901151508440800830e+00 2.858338691116212971e+00 2.858338691116216523e+00 3.923778129033086870e+00 3.923778129033089535e+00
7.000000000000000000e+01 -3.943564227276272760e+00 -3.943564227276272316e+00 -2.848723252560570796e+00 -2.848723252560569907e+00 -1.857504871790680134e+00 -1.857504871790677692e+00 1.857504871790678136e+00 1.857504871790682799e+00 2.848723252560567243e+00 2.848723252560572128e+00 3.943564227276271428e+00 3.943564227276272760e+00
7.100000000000000000e+01 -3.962848030823320045e+00 -3.962848030823318268e+00 -2.839887375572630823e+00 -2.839887375572629047e+00 -1.812057556403494862e+00 -1.812057556403492198e+00 1.812057556403493752e+00 1.812057556403496195e+00 2.839887375572628603e+00 2.839887375572629491e+00 3.962848030823320489e+00 3.962848030823323153e+00
7.200000000000000000e+01 -3.981598163865891937e+00 -3.981598163865890605e+00 -2.831786035437465543e+00 -2.831786035437464655e+00 -1.764913851733791894e+00 -1.764913851733789896e+00 1.764913851733792560e+00 1.764913851733794115e+00 2.831786035437461990e+00 2.831786035437462878e+00 3.981598163865891049e+00 3.981598163865892381e+00
7.300000000000000000e+01 -3.999788119717296198e+00 -3.999788119717296198e+00 -2.824372144784224936e+00 -2.824372144784224492e+00 -1.716176577147750404e+00 -1.716176577147748628e+00 1.716176577147747961e+00 1.716176577147749072e+00 2.824372144784222272e+00 2.824372144784222716e+00 3.999788119717296198e+00 3.999788119717296198e+00
7.400000000000000000e+01 -4.017395525345908602e+00 -4.017395525345908602e+00 -2.817598349260542090e+00 -2.817598349260540758e+00 -1.665946109307948175e+00 -1.665946109307946177e+00 1.665946109307946177e+00 1.665946109307949730e+00 2.817598349260539869e+00 2.817598349260544310e+00 4.017395525345907714e+00 4.017395525345909491e+00
7.500000000000000000e+01 -4.034401535039461528e+00 -4.034401535039460640e+00 -2.811418292015844589e+00 -2.811418292015843257e+00 -1.614319843389188547e+00 -1.614319843389186548e+00 1.614319843389187659e+00 1.614319843389191655e+00 2.811418292015843701e+00 2.811418292015845477e+00 4.034401535039457976e+00 4.034401535039460640e+00
7.600000000000000000e+01 -4.050790326732837343e+00 -4.050790326732836455e+00 -2.805787451249579512e+00 -2.805787451249579068e+00 -1.561392018057932374e+00 -1.561392018057931930e+00 1.561392018057931930e+00 1.561392018057935260e+00 2.805787451249575071e+00 2.805787451249575959e+00 4.050790326732835567e+00 4.050790326732835567e+00
7.700000000000000000e+01 -4.066548680268685878e+00 -4.066548680268684990e+00 -2.800663648743479062e+00 -2.800663648743478173e+00 -1.507253837127955354e+00 -1.507253837127955132e+00 1.507253837127955132e+00 1.507253837127957352e+00 2.800663648743475953e+00 2.800663648743475953e+00 4.066548680268685878e+00 4.066548680268686766e+00
7.800000000000000000e+01 -4.081665621322653870e+00 -4.081665621322652093e+00 -2.796007314943937505e+00 -2.796007314943935285e+00 -1.451993832009060625e+00 -1.451993832009060181e+00 1.451993832009060625e+00 1.451993832009063734e+00 2.796007314943933508e+00 2.796007314943933952e+00 4.081665621322654758e+00 4.081665621322654758e+00
7.900000000000000000e+01 -4.096132118196620375e+00 -4.096132118196619487e+00 -2.791781581451834970e+00 -2.791781581451833638e+00 -1.395698424957412032e+00 -1.395698424957412032e+00 1.395698424957411143e+00 1.395698424957414252e+00 2.791781581451830974e+00 2.791781581451831862e+00 4.096132118196620375e+00 4.096132118196620375e+00
8.000000000000000000e+01 -4.109940821389511889e+00 -4.109940821389511001e+00 -2.787952257128184730e+00 -2.787952257128184730e+00 -1.338452671681658712e+00 -1.338452671681657824e+00 1.338452671681659600e+00 1.338452671681660267e+00 2.787952257128182509e+00 2.787952257128185174e+00 4.109940821389511001e+00 4.109940821389514554e+00
8.100000000000000000e+01 -4.123085837971650847e+00 -4.123085837971649958e+00 -2.784487730796096461e+00 -2.784487730796093796e+00 -1.280341182438041292e+00 -1.280341182438039960e+00 1.280341182438039072e+00 1.280341182438039294e+00 2.784487730796091576e+00 2.784487730796094240e+00 4.123085837971650847e+00 4.123085837971650847e+00
8.200000000000000000e+01 -4.135562534450419214e+00 -4.135562534450419214e+00 -2.781358832313287621e+00 -2.781358832313286733e+00 -1.221449244029587655e+00 -1.221449244029586767e+00 1.221449244029588765e+00 1.221449244029589432e+00 2.781358832313287177e+00 2.781358832313287177e+00 4.135562534450417438e+00 4.135562534450420102e+00
8.300000000000000000e+01 -4.147367363126162942e+00 -4.147367363126162054e+00 -2.778538674720548052e+00 -2.778538674720546719e+00 -1.161864193075669016e+00 -1.161864193075667684e+00 1.161864193075669016e+00 1.161864193075670348e+00 2.778538674720544499e+00 2.778538674720545387e+00 4.147367363126162942e+00 4.147367363126163831e+00
8.400000000000000000e+01 -4.158497707976429147e+00 -4.158497707976429147e+00 -2.776002493085420575e+00 -2.776002493085419243e+00 -1.101677127064257578e+00 -1.101677127064257578e+00 1.101677127064256911e+00 1.101677127064257800e+00 2.776002493085419243e+00 2.776002493085421019e+00 4.158497707976429147e+00 4.158497707976430924e+00
8.500000000000000000e+01 -4.168951746934460800e+00 -4.168951746934459912e+00 -2.773727490280863961e+00 -2.773727490280862629e+00 -1.040985089790162244e+00 -1.040985089790161355e+00 1.040985089790161577e+00 1.040985089790163354e+00 2.773727490280863073e+00 2.773727490280863073e+00 4.168951746934460800e+00 4.168951746934461688e+00
8.600000000000000000e+01 -4.178728328089945876e+00 -4.178728328089944988e+00 -2.771692695955230157e+00 -2.771692695955229269e+00 -9.798939410905237457e-01 -9.798939410905224134e-01 9.798939410905240788e-01 9.798939410905269654e-01 2.771692695955226604e+00 2.771692695955230157e+00 4.178728328089944988e+00 4.178728328089947652e+00
8.700000000000000000e+01 -4.187826857871941755e+00 -4.187826857871941755e+00 -2.769878842069984692e+00 -2.769878842069984248e+00 -9.185222324569390917e-01 -9.185222324569386476e-01 9.185222324569393137e-01 9.185222324569406460e-01 2.769878842069983804e+00 2.769878842069984692e+00 4.187826857871941755e+00 4.187826857871943531e+00
8.800000000000000000e+01 -4.196247199701999442e+00 -4.196247199701999442e+00 -2.768268256350020273e+00 -2.768268256350019829e+00 -8.570065852752053459e-01 -8.570065852752049018e-01 8.570065852752050128e-01 8.570065852752054569e-01 2.768268256350020273e+00 2.768268256350021161e+00 4.196247199701998554e+00 4.196247199701999442e+00
8.900000000000000000e+01 -4.203989581951067755e+00 -4.203989581951065091e+00 -2.766844773599656193e+00 -2.766844773599655749e+00 -7.955093494203248072e-01 -7.955093494203240301e-01 7.955093494203246962e-01 7.955093494203269167e-01 2.766844773599654417e+00 2.766844773599656637e+00 4.203989581951064203e+00 4.203989581951065979e+00
9.000000000000000000e+01 -4.211054514312265518e+00 -4.211054514312264629e+00 -2.765593663919482914e+00 -2.765593663919481582e+00 -7.342297782400043493e-01 -7.342297782400043493e-01 7.342297782400037942e-01 7.342297782400039052e-01 2.765593663919482914e+00 2.765593663919486467e+00 4.211054514312263741e+00 4.211054514312265518e+00
9.100000000000000000e+01 -4.217442711925831311e+00 -4.217442711925830423e+00 -2.764501576288143525e+00 -2.764501576288142637e+00 -6.734207113295566094e-01 -6.734207113295558322e-01 6.734207113295553881e-01 6.734207113295557212e-01 2.764501576288141749e+00 2.764501576288142193e+00 4.217442711925829535e+00 4.217442711925830423e+00
9.200000000000000000e+01 -4.223155026771846288e+00 -4.223155026771845399e+00 -2.763556495652640166e+00 -2.763556495652639722e+00 -6.134140012668081177e-01 -6.134140012668068964e-01 6.134140012668070074e-01 6.134140012668105602e-01 2.763556495652637501e+00 2.763556495652638390e+00 4.223155026771847176e+00 4.223155026771847176e+00
9.300000000000000000e+01 -4.228192385988798208e+00 -4.228192385988793767e+00 -2.762747711529954575e+00 -2.762747711529954131e+00 -5.546599279630177737e-01 -5.546599279630162194e-01 5.546599279630176627e-01 5.546599279630185508e-01 2.762747711529950578e+00 2.762747711529955907e+00 4.228192385988795543e+00 4.228192385988796431e+00
9.400000000000000000e+01 -4.232555736887356090e+00 -4.232555736887355202e+00 -2.762065796109224092e+00 -2.762065796109223204e+00 -4.977888573737195843e-01 -4.977888573737189182e-01 4.977888573737194178e-01 4.977888573737202504e-01 2.762065796109222315e+00 2.762065796109222759e+00 4.232555736887356090e+00 4.232555736887356979e+00
9.500000000000000000e+01 -4.236245998514228006e+00 -4.236245998514227118e+00 -2.761502589920158179e+00 -2.761502589920157291e+00 -4.437069995054151450e-01 -4.437069995054150340e-01 4.437069995054139238e-01 4.437069995054149230e-01 2.761502589920155515e+00 2.761502589920155515e+00 4.236245998514227118e+00 4.236245998514227118e+00
9.600000000000000000e+01 -4.239264019684633844e+00 -4.239264019684631180e+00 -2.761051193272578086e+00 -2.761051193272577198e+00 -3.937387432665995779e-01 -3.937387432665995224e-01 3.937387432666015763e-01 3.937387432666021869e-01 2.761051193272574533e+00 2.761051193272578974e+00 4.239264019684631180e+00 4.239264019684632956e+00
9.700000000000000000e+01 -4.241610543447223769e+00 -4.241610543447221104e+00 -2.760705961854835966e+00 -2.760705961854835078e+00 -3.498113884826400954e-01 -3.498113884826395958e-01 3.498113884826413167e-01 3.498113884826418163e-01 2.760705961854831969e+00 2.760705961854838186e+00 4.241610543447218440e+00 4.241610543447225545e+00
9.800000000000000000e+01 -4.243286177975455153e+00 -4.243286177975454265e+00 -2.760462505091908270e+00 -2.760462505091907826e+00 -3.146044665395489881e-01 -3.146044665395488771e-01 3.146044665395502093e-01 3.146044665395512085e-01 2.760462505091906937e+00 2.760462505091908270e+00 4.243286177975451601e+00 4.243286177975455153e+00
9.900000000000000000e+01 -4.244291373896980524e+00 -4.244291373896976971e+00 -2.760317686097556233e+00 -2.760317686097554901e+00 -2.914034741916472493e-01 -2.914034741916467497e-01 2.914034741916479154e-01 2.914034741916493032e-01 2.760317686097553569e+00 2.760317686097555345e+00 4.244291373896979636e+00 4.244291373896979636e+00
1.000000000000000000e+02 -4.244626408080180546e+00 -4.244626408080176105e+00 -2.760269622302546466e+00 -2.760269622302543358e+00 -2.832405256667283600e-01 -2.832405256667270277e-01 2.832405256667273608e-01 2.832405256667280269e-01 2.760269622302542469e+00 2.760269622302546910e+00 4.244626408080180546e+00 4.244626408080181434e+00
1.010000000000000000e+02 -4.244542650999660438e+00 -4.244542650999658662e+00 -2.760281628444356539e+00 -2.760281628444355650e+00 -2.853034984218126846e-01 -2.853034984218116299e-01 2.853034984218128511e-01 2.853034984218144610e-01 2.760281628444353430e+00 2.760281628444357427e+00 4.244542650999656885e+00 4.244542650999660438e+00
1.020000000000000000e+02 -4.244291373896974306e+00 -4.244291373896973418e+00 -2.760317686097556233e+00 -2.760317686097554901e+00 -2.914034741916495808e-01 -2.914034741916482485e-01 2.914034741916484150e-01 2.914034741916493032e-01 2.760317686097552237e+00 2.760317686097555345e+00 4.244291373896976083e+00 4.244291373896977859e+00
1.030000000000000000e+02 -4.243872559239526332e+00 -4.243872559239521891e+00 -2.760377912941012202e+00 -2.760377912941011314e+00 -3.012915022031552592e-01 -3.012915022031524837e-01 3.012915022031528167e-01 3.012915022031540380e-01 2.760377912941009093e+00 2.760377912941012202e+00 4.243872559239520115e+00 4.243872559239528108e+00
1.040000000000000000e+02 -4.243286177975453377e+00 -4.243286177975451601e+00 -2.760462505091907826e+00 -2.760462505091907381e+00 -3.146044665395497097e-01 -3.146044665395490436e-01 3.146044665395476003e-01 3.146044665395513751e-01 2.760462505091904717e+00 2.760462505091911378e+00 4.243286177975451601e+00 4.243286177975453377e+00
1.050000000000000000e+02 -4.242532189787346475e+00 -4.242532189787343810e+00 -2.760571737086196187e+00 -2.760571737086194855e+00 -3.309210949796257961e-01 -3.309210949796253520e-01 3.309210949796249635e-01 3.309210949796260737e-01 2.760571737086195299e+00 2.760571737086197519e+00 4.242532189787345587e+00 4.242532189787347363e+00
1.060000000000000000e+02 -4.241610543447220216e+00 -4.241610543447218440e+00 -2.760705961854835078e+00 -2.760705961854835078e+00 -3.498113884826413722e-01 -3.498113884826383746e-01 3.498113884826406506e-01 3.498113884826416498e-01 2.760705961854835522e+00 2.760705961854836410e+00 4.241610543447220216e+00 4.241610543447220216e+00
1.070000000000000000e+02 -4.240521177272778885e+00 -4.240521177272776221e+00 -2.760865610699537065e+00 -2.760865610699535289e+00 -3.708708250020341657e-01 -3.708708250020303354e-01 3.708708250020315011e-01 3.708708250020321118e-01 2.760865610699534844e+00 2.760865610699537953e+00 4.240521177272776221e+00 4.240521177272777997e+00
1.080000000000000000e+02 -4.239264019684632956e+00 -4.239264019684632068e+00 -2.761051193272578974e+00 -2.761051193272576754e+00 -3.937387432666016873e-01 -3.937387432665990228e-01 3.937387432665993003e-01 3.937387432666023535e-01 2.761051193272574977e+00 2.761051193272575865e+00 4.239264019684630291e+00 4.239264019684634732e+00
1.090000000000000000e+02 -4.237838989864534334e+00 -4.237838989864531669e+00 -2.761263297566483477e+00 -2.761263297566480812e+00 -4.181046420799013896e-01 -4.181046420798993912e-01 4.181046420799005015e-01 4.181046420799022778e-01 2.761263297566480368e+00 2.761263297566481256e+00 4.237838989864531669e+00 4.237838989864533445e+00
1.100000000000000000e+02 -4.236245998514228006e+00 -4.236245998514228006e+00 -2.761502589920157735e+00 -2.761502589920156403e+00 -4.437069995054157556e-01 -4.437069995054135907e-01 4.437069995054127025e-01 4.437069995054149785e-01 2.761502589920153738e+00 2.761502589920155515e+00 4.236245998514227118e+00 4.236245998514231559e+00
1.110000000000000000e+02 -4.234484948714953845e+00 -4.234484948714953845e+00 -2.761769815049233134e+00 -2.761769815049232246e+00 -4.703283245007254809e-01 -4.703283245007209290e-01 4.703283245007208180e-01 4.703283245007245372e-01 2.761769815049233578e+00 2.761769815049233578e+00 4.234484948714952068e+00 4.234484948714956509e+00
1.120000000000000000e+02 -4.232555736887354314e+00 -4.232555736887354314e+00 -2.762065796109222315e+00 -2.762065796109222315e+00 -4.977888573737205280e-01 -4.977888573737164757e-01 4.977888573737165867e-01 4.977888573737207500e-01 2.762065796109222315e+00 2.762065796109223204e+00 4.232555736887354314e+00 4.232555736887357867e+00
1.130000000000000000e+02 -4.230458253851756112e+00 -4.230458253851756112e+00 -2.762391434801122703e+00 -2.762391434801120926e+00 -5.259402605502022654e-01 -5.259402605501958261e-01 5.259402605501956041e-01 5.259402605501989347e-01 2.762391434801122259e+00 2.762391434801123147e+00 4.230458253851754336e+00 4.230458253851755224e+00
1.140000000000000000e+02 -4.228192385988797319e+00 -4.228192385988795543e+00 -2.762747711529955463e+00 -2.762747711529953243e+00 -5.546599279630196611e-01 -5.546599279630143320e-01 5.546599279630176627e-01 5.546599279630192170e-01 2.762747711529954575e+00 2.762747711529955907e+00 4.228192385988794655e+00 4.228192385988796431e+00
1.150000000000000000e+02 -4.225758016500486214e+00 -4.225758016500484437e+00 -2.763135685627669424e+00 -2.763135685627668092e+00 -5.838461300789997699e-01 -5.838461300789953290e-01 5.838461300789953290e-01 5.838461300789992148e-01 2.763135685627668092e+00 2.763135685627668092e+00 4.225758016500485326e+00 4.225758016500487102e+00
1.160000000000000000e+02 -4.223155026771848952e+00 -4.223155026771846288e+00 -2.763556495652641054e+00 -2.763556495652639722e+00 -6.134140012668062303e-01 -6.134140012668038988e-01 6.134140012668044539e-01 6.134140012668077846e-01 2.763556495652639278e+00 2.763556495652641942e+00 4.223155026771846288e+00 4.223155026771847176e+00
1.170000000000000000e+02 -4.220383297833524949e+00 -4.220383297833523173e+00 -2.764011359778798305e+00 -2.764011359778797416e+00 -6.432922836149395085e-01 -6.432922836149350676e-01 6.432922836149367329e-01 6.432922836149399526e-01 2.764011359778798305e+00 2.764011359778800081e+00 4.220383297833520508e+00 4.220383297833524061e+00
1.180000000000000000e+02 -4.217442711925830423e+00 -4.217442711925830423e+00 -2.764501576288144413e+00 -2.764501576288143525e+00 -6.734207113295570535e-01 -6.734207113295535008e-01 6.734207113295523905e-01 6.734207113295568314e-01 2.764501576288140416e+00 2.764501576288141749e+00 4.217442711925828647e+00 4.217442711925832199e+00
1.190000000000000000e+02 -4.214333154164950024e+00 -4.214333154164950024e+00 -2.765028524181073255e+00 -2.765028524181071923e+00 -7.037479200513971911e-01 -7.037479200513927502e-01 7.037479200513936384e-01 7.037479200513976352e-01 2.765028524181075031e+00 2.765028524181075920e+00 4.214333154164950024e+00 4.214333154164950912e+00
1.200000000000000000e+02 -4.211054514312264629e+00 -4.211054514312263741e+00 -2.765593663919484246e+00 -2.765593663919482914e+00 -7.342297782400053485e-01 -7.342297782400031281e-01 7.342297782400037942e-01 7.342297782400060147e-01 2.765593663919483358e+00 2.765593663919483802e+00 4.211054514312263741e+00 4.211054514312264629e+00
1.210000000000000000e+02 -4.207606688648042770e+00 -4.207606688648040105e+00 -2.766198538318080491e+00 -2.766198538318080491e+00 -7.648280543144277965e-01 -7.648280543144246879e-01 7.648280543144246879e-01 7.648280543144285737e-01 2.766198538318078715e+00 2.766198538318080491e+00 4.207606688648040105e+00 4.207606688648041882e+00
1.220000000000000000e+02 -4.203989581951066867e+00 -4.203989581951065979e+00 -2.766844773599656193e+00 -2.766844773599656193e+00 -7.955093494203264726e-01 -7.955093494203229199e-01 7.955093494203221427e-01 7.955093494203292481e-01 2.766844773599654417e+00 2.766844773599656193e+00 4.203989581951063315e+00 4.203989581951064203e+00
1.230000000000000000e+02 -4.200203109586164274e+00 -4.200203109586163386e+00 -2.767534080630232207e+00 -2.767534080630231319e+00 -8.262442398923988129e-01 -8.262442398923961484e-01 8.262442398923965925e-01 8.262442398924012554e-01 2.767534080630231319e+00 2.767534080630232651e+00 4.200203109586160721e+00 4.200203109586164274e+00
1.240000000000000000e+02 -4.196247199702000330e+00 -4.196247199701998554e+00 -2.768268256350020273e+00 -2.768268256350019385e+00 -8.570065852752071223e-01 -8.570065852752041247e-01 8.570065852752039026e-01 8.570065852752064561e-01 2.768268256350020273e+00 2.768268256350020717e+00 4.196247199701998554e+00 4.196247199702000330e+00
1.250000000000000000e+02 -4.192121795542014695e+00 -4.192121795542012919e+00 -2.769049185415806580e+00 -2.769049185415806136e+00 -8.877729672656364812e-01 -8.877729672656329285e-01 8.877729672656321513e-01 8.877729672656359261e-01 2.769049185415804359e+00 2.769049185415806580e+00 4.192121795542012919e+00 4.192121795542016471e+00
1.260000000000000000e+02 -4.187826857871942643e+00 -4.187826857871940867e+00 -2.769878842069984248e+00 -2.769878842069981584e+00 -9.185222324569408681e-01 -9.185222324569359831e-01 9.185222324569364272e-01 9.185222324569406460e-01 2.769878842069982472e+00 2.769878842069983804e+00 4.187826857871939978e+00 4.187826857871941755e+00
1.270000000000000000e+02 -4.183362367527919901e+00 -4.183362367527919901e+00 -2.770759292250545069e+00 -2.770759292250544625e+00 -9.492351176510378519e-01 -9.492351176510356314e-01 9.492351176510350763e-01 9.492351176510398503e-01 2.770759292250543293e+00 2.770759292250544181e+00 4.183362367527920789e+00 4.183362367527922565e+00
1.280000000000000000e+02 -4.178728328089945876e+00 -4.178728328089944988e+00 -2.771692695955229269e+00 -2.771692695955229269e+00 -9.798939410905251890e-01 -9.798939410905211922e-01 9.798939410905220804e-01 9.798939410905250780e-01 2.771692695955227492e+00 2.771692695955227492e+00 4.178728328089946764e+00 4.178728328089946764e+00
1.290000000000000000e+02 -4.173924768686178233e+00 -4.173924768686177345e+00 -2.772681309871376953e+00 -2.772681309871375177e+00 -1.010482346524509412e+00 -1.010482346524505859e+00 1.010482346524508079e+00 1.010482346524508523e+00 2.772681309871374289e+00 2.772681309871376065e+00 4.173924768686177345e+00 4.173924768686178233e+00
1.300000000000000000e+02 -4.168951746934461688e+00 -4.168951746934460800e+00 -2.773727490280863961e+00 -2.773727490280861296e+00 -1.040985089790163798e+00 -1.040985089790158913e+00 1.040985089790159579e+00 1.040985089790163798e+00 2.773727490280860408e+00 2.773727490280861741e+00 4.168951746934460800e+00 4.168951746934462577e+00
1.310000000000000000e+02 -4.163809352028399857e+00 -4.163809352028398081e+00 -2.774833696246839843e+00 -2.774833696246838954e+00 -1.071387859745033699e+00 -1.071387859745029703e+00 1.071387859745029925e+00 1.071387859745034365e+00 2.774833696246839843e+00 2.774833696246841619e+00 4.163809352028398081e+00 4.163809352028400745e+00
1.320000000000000000e+02 -4.158497707976431812e+00 -4.158497707976430036e+00 -2.776002493085420575e+00 -2.776002493085419687e+00 -1.101677127064261130e+00 -1.101677127064254913e+00 1.101677127064255135e+00 1.101677127064260686e+00 2.776002493085418799e+00 2.776002493085419243e+00 4.158497707976430036e+00 4.158497707976430924e+00
1.330000000000000000e+02 -4.153016977003482602e+00 -4.153016977003481713e+00 -2.777236556121245314e+00 -2.777236556121243538e+00 -1.131840015730439131e+00 -1.131840015730435134e+00 1.131840015730438020e+00 1.131840015730440463e+00 2.777236556121244426e+00 2.777236556121245314e+00 4.153016977003480825e+00 4.153016977003483490e+00
1.340000000000000000e+02 -4.147367363126161166e+00 -4.147367363126161166e+00 -2.778538674720547164e+00 -2.778538674720546719e+00 -1.161864193075670570e+00 -1.161864193075666130e+00 1.161864193075667018e+00 1.161864193075670793e+00 2.778538674720548052e+00 2.778538674720548496e+00 4.147367363126161166e+00 4.147367363126162942e+00
1.350000000000000000e+02 -4.141549115913946366e+00 -4.141549115913946366e+00 -2.779911756588922866e+00 -2.779911756588921534e+00 -1.191737775049198422e+00 -1.191737775049194425e+00 1.191737775049195980e+00 1.191737775049199977e+00 2.779911756588918426e+00 2.779911756588920202e+00 4.141549115913944590e+00 4.141549115913947254e+00
1.360000000000000000e+02 -4.135562534450420102e+00 -4.135562534450419214e+00 -2.781358832313287177e+00 -2.781358832313285845e+00 -1.221449244029589654e+00 -1.221449244029584325e+00 1.221449244029584769e+00 1.221449244029591430e+00 2.781358832313284957e+00 2.781358832313288509e+00 4.135562534450418326e+00 4.135562534450420102e+00
1.370000000000000000e+02 -4.129407971510498321e+00 -4.129407971510497433e+00 -2.782883060118246377e+00 -2.782883060118244600e+00 -1.250987377014975754e+00 -1.250987377014971758e+00 1.250987377014970647e+00 1.250987377014976420e+00 2.782883060118243712e+00 2.782883060118245044e+00 4.129407971510497433e+00 4.129407971510498321e+00
1.380000000000000000e+02 -4.123085837971650847e+00 -4.123085837971650847e+00 -2.784487730796093796e+00 -2.784487730796093352e+00 -1.280341182438043734e+00 -1.280341182438039294e+00 1.280341182438039072e+00 1.280341182438043290e+00 2.784487730796092464e+00 2.784487730796094684e+00 4.123085837971650847e+00 4.123085837971650847e+00
1.390000000000000000e+02 -4.116596607479337422e+00 -4.116596607479337422e+00 -2.786176272756700101e+00 -2.786176272756698324e+00 -1.309499844186439832e+00 -1.309499844186434947e+00 1.309499844186435391e+00 1.309499844186439388e+00 2.786176272756698769e+00 2.786176272756700545e+00 4.116596607479337422e+00 4.116596607479339198e+00
1.400000000000000000e+02 -4.109940821389512777e+00 -4.109940821389511889e+00 -2.787952257128185618e+00 -2.787952257128184730e+00 -1.338452671681661377e+00 -1.338452671681656492e+00 1.338452671681657158e+00 1.338452671681660933e+00 2.787952257128184286e+00 2.787952257128184286e+00 4.109940821389511889e+00 4.109940821389512777e+00
1.410000000000000000e+02 -4.103119094013859325e+00 -4.103119094013858437e+00 -2.789819402821580585e+00 -2.789819402821578365e+00 -1.367189055093900762e+00 -1.367189055093895877e+00 1.367189055093894545e+00 1.367189055093899652e+00 2.789819402821577476e+00 2.789819402821577476e+00 4.103119094013859325e+00 4.103119094013861101e+00
1.420000000000000000e+02 -4.096132118196621263e+00 -4.096132118196619487e+00 -2.791781581451833194e+00 -2.791781581451832306e+00 -1.395698424957414474e+00 -1.395698424957409145e+00 1.395698424957410699e+00 1.395698424957415362e+00 2.791781581451831418e+00 2.791781581451833638e+00 4.096132118196619487e+00 4.096132118196621263e+00
1.430000000000000000e+02 -4.088980671255435517e+00 -4.088980671255434629e+00 -2.793842821983743896e+00 -2.793842821983741231e+00 -1.423970215609142942e+00 -1.423970215609137613e+00 1.423970215609138057e+00 1.423970215609142276e+00 2.793842821983739455e+00 2.793842821983743896e+00 4.088980671255434629e+00 4.088980671255434629e+00
1.440000000000000000e+02 -4.081665621322656534e+00 -4.081665621322655646e+00 -2.796007314943937061e+00 -2.796007314943935729e+00 -1.451993832009063734e+00 -1.451993832009058405e+00 1.451993832009061736e+00 1.451993832009064178e+00 2.796007314943936173e+00 2.796007314943936617e+00 4.081665621322654758e+00 4.081665621322656534e+00
1.450000000000000000e+02 -4.074187934128018718e+00 -4.074187934128017829e+00 -2.798279416008858878e+00 -2.798279416008856213e+00 -1.479758619619711668e+00 -1.479758619619708115e+00 1.479758619619707671e+00 1.479758619619712112e+00 2.798279416008854881e+00 2.798279416008857545e+00 4.074187934128018718e+00 4.074187934128020494e+00
1.460000000000000000e+02 -4.066548680268685878e+00 -4.066548680268684102e+00 -2.800663648743479950e+00 -2.800663648743477729e+00 -1.507253837127957352e+00 -1.507253837127953355e+00 1.507253837127954021e+00 1.507253837127958240e+00 2.800663648743478618e+00 2.800663648743479062e+00 4.066548680268683214e+00 4.066548680268687654e+00
1.470000000000000000e+02 -4.058749043018259783e+00 -4.058749043018258895e+00 -2.803164706225954372e+00 -2.803164706225951264e+00 -1.534468631888561641e+00 -1.534468631888556311e+00 1.534468631888556533e+00 1.534468631888559864e+00 2.803164706225951264e+00 2.803164706225955705e+00 4.058749043018259783e+00 4.058749043018261560e+00
1.480000000000000000e+02 -4.050790326732836455e+00 -4.050790326732835567e+00 -2.805787451249578179e+00 -2.805787451249578179e+00 -1.561392018057934150e+00 -1.561392018057929265e+00 1.561392018057928821e+00 1.561392018057933484e+00 2.805787451249575959e+00 2.805787451249580400e+00 4.050790326732835567e+00 4.050790326732836455e+00
1.490000000000000000e+02 -4.042673965919333590e+00 -4.042673965919331813e+00 -2.808536914745306312e+00 -2.808536914745302759e+00 -1.588012857470440409e+00 -1.588012857470435524e+00 1.588012857470435080e+00 1.588012857470440409e+00 2.808536914745300983e+00 2.808536914745304980e+00 4.042673965919334478e+00 4.042673965919334478e+00
1.500000000000000000e+02 -4.034401535039461528e+00 -4.034401535039460640e+00 -2.811418292015846809e+00 -2.811418292015844589e+00 -1.614319843389190767e+00 -1.614319843389185438e+00 1.614319843389184328e+00 1.614319843389189879e+00 2.811418292015844145e+00 2.811418292015845477e+00 4.034401535039460640e+00 4.034401535039462416e+00
1.510000000000000000e+02 -4.025974759131941028e+00 -4.025974759131939251e+00 -2.814436936316648818e+00 -2.814436936316646598e+00 -1.640301487339733910e+00 -1.640301487339727693e+00 1.640301487339728359e+00 1.640301487339732578e+00 2.814436936316647486e+00 2.814436936316650595e+00 4.025974759131939251e+00 4.025974759131941028e+00
1.520000000000000000e+02 -4.017395525345907714e+00 -4.017395525345906826e+00 -2.817598349260543422e+00 -2.817598349260541202e+00 -1.665946109307950174e+00 -1.665946109307946621e+00 1.665946109307946177e+00 1.665946109307951284e+00 2.817598349260542090e+00 2.817598349260542090e+00 4.017395525345908602e+00 4.017395525345908602e+00
1.530000000000000000e+02 -4.008665895490304720e+00 -4.008665895490302056e+00 -2.820908167462884197e+00 -2.820908167462882421e+00 -1.691241831652707805e+00 -1.691241831652702476e+00 1.691241831652702921e+00 1.691241831652706029e+00 2.820908167462882421e+00 2.820908167462883753e+00 4.008665895490302944e+00 4.008665895490304720e+00
1.540000000000000000e+02 -3.999788119717295309e+00 -3.999788119717293533e+00 -2.824372144784224936e+00 -2.824372144784222716e+00 -1.716176577147751736e+00 -1.716176577147745963e+00 1.716176577147745963e+00 1.716176577147750848e+00 2.824372144784222272e+00 2.824372144784224936e+00 3.999788119717293533e+00 3.999788119717295309e+00
1.550000000000000000e+02 -3.990764651473007962e+00 -3.990764651473006630e+00 -2.827996129470327080e+00 -2.827996129470324860e+00 -1.740738071624402750e+00 -1.740738071624396088e+00 1.740738071624396976e+00 1.740738071624401417e+00 2.827996129470325748e+00 2.827996129470326192e+00 3.990764651473008406e+00 3.990764651473009295e+00
1.560000000000000000e+02 -3.981598163865891937e+00 -3.981598163865890161e+00 -2.831786035437465543e+00 -2.831786035437461990e+00 -1.764913851733793670e+00 -1.764913851733790118e+00 1.764913851733789008e+00 1.764913851733791672e+00 2.831786035437463322e+00 2.831786035437465987e+00 3.981598163865890161e+00 3.981598163865891937e+00
1.570000000000000000e+02 -3.972291567622608710e+00 -3.972291567622608710e+00 -2.835747806908117230e+00 -2.835747806908115454e+00 -1.788691278381448146e+00 -1.788691278381442817e+00 1.788691278381441263e+00 1.788691278381447036e+00 2.835747806908115454e+00 2.835747806908117230e+00 3.972291567622608266e+00 3.972291567622608266e+00
1.580000000000000000e+02 -3.962848030823319601e+00 -3.962848030823319601e+00 -2.839887375572630379e+00 -2.839887375572628603e+00 -1.812057556403497527e+00 -1.812057556403492198e+00 1.812057556403491088e+00 1.812057556403495751e+00 2.839887375572628603e+00 2.839887375572630379e+00 3.962848030823317824e+00 3.962848030823321377e+00
1.590000000000000000e+02 -3.953271000633317822e+00 -3.953271000633316490e+00 -2.844210609440948279e+00 -2.844210609440945170e+00 -1.834999761047962030e+00 -1.834999761047956701e+00 1.834999761047957811e+00 1.834999761047963585e+00 2.844210609440943838e+00 2.844210609440948279e+00 3.953271000633316934e+00 3.953271000633318710e+00
1.600000000000000000e+02 -3.943564227276270984e+00 -3.943564227276270540e+00 -2.848723252560570351e+00 -2.848723252560568575e+00 -1.857504871790682133e+00 -1.857504871790675915e+00 1.857504871790676804e+00 1.857504871790681689e+00 2.848723252560570351e+00 2.848723252560570796e+00 3.943564227276270984e+00 3.943564227276271428e+00
1.610000000000000000e+02 -3.933731790526401983e+00 -3.933731790526401095e+00 -2.853430854817979867e+00 -2.853430854817976314e+00 -1.879559813947905944e+00 -1.879559813947902391e+00 1.879559813947901281e+00 1.879559813947906388e+00 2.853430854817977202e+00 2.853430854817977647e+00 3.933731790526398875e+00 3.933731790526402428e+00
1.620000000000000000e+02 -3.923778129033088202e+00 -3.923778129033087758e+00 -2.858338691116217412e+00 -2.858338691116214303e+00 -1.901151508440799054e+00 -1.901151508440794169e+00 1.901151508440794835e+00 1.901151508440797944e+00 2.858338691116215191e+00 2.858338691116217412e+00 3.923778129033086870e+00 3.923778129033088646e+00
1.630000000000000000e+02 -3.913708072832150719e+00 -3.913708072832150275e+00 -2.863451669335941308e+00 -2.863451669335938199e+00 -1.922266929915730005e+00 -1.922266929915726008e+00 1.922266929915726674e+00 1.922266929915730671e+00 2.863451669335938643e+00 2.863451669335942196e+00 3.913708072832149831e+00 3.913708072832150275e+00
1.640000000000000000e+02 -3.903526879443646180e+00 -3.903526879443645736e+00 -2.868774226644361214e+00 -2.868774226644357217e+00 -1.942893173225112680e+00 -1.942893173225107795e+00 1.942893173225107128e+00 1.942893173225113124e+00 2.868774226644359437e+00 2.868774226644360770e+00 3.903526879443645292e+00 3.903526879443647957e+00
1.650000000000000000e+02 -3.893240274007045088e+00 -3.893240274007044199e+00 -2.874310213917361523e+00 -2.874310213917357526e+00 -1.963017528024667113e+00 -1.963017528024664005e+00 1.963017528024663783e+00 1.963017528024667335e+00 2.874310213917358414e+00 2.874310213917359746e+00 3.893240274007044199e+00 3.893240274007045976e+00
1.660000000000000000e+02 -3.882854493960961051e+00 -3.882854493960960607e+00 -2.880062768283135455e+00 -2.880062768283133678e+00 -1.982627560946209844e+00 -1.982627560946204959e+00 1.982627560946203849e+00 1.982627560946207845e+00 2.880062768283135455e+00 2.880062768283136343e+00 3.882854493960960163e+00 3.882854493960961939e+00
1.670000000000000000e+02 -3.872376338836658327e+00 -3.872376338836657439e+00 -2.886034174075481573e+00 -2.886034174075478020e+00 -2.001711204465511429e+00 -2.001711204465506100e+00 2.001711204465506544e+00 2.001711204465510541e+00 2.886034174075478909e+00 2.886034174075479353e+00 3.872376338836657883e+00 3.872376338836660103e+00
1.680000000000000000e+02 -3.861813225801564720e+00 -3.861813225801564720e+00 -2.892225712791842263e+00 -2.892225712791837822e+00 -2.020256851212710814e+00 -2.020256851212706373e+00 2.020256851212706817e+00 2.020256851212710369e+00 2.892225712791838266e+00 2.892225712791841374e+00 3.861813225801565164e+00 3.861813225801565608e+00
1.690000000000000000e+02 -3.851173251660658714e+00 -3.851173251660657826e+00 -2.898637502971060709e+00 -2.898637502971058488e+00 -2.038253452083028439e+00 -2.038253452083023998e+00 2.038253452083023554e+00 2.038253452083028439e+00 2.898637502971058044e+00 2.898637502971060265e+00 3.851173251660659158e+00 3.851173251660659158e+00
1.700000000000000000e+02 -3.840465262097898513e+00 -3.840465262097897625e+00 -2.905268331219692080e+00 -2.905268331219689415e+00 -2.055690616118702962e+00 -2.055690616118698966e+00 2.055690616118697633e+00 2.055690616118703851e+00 2.905268331219690303e+00 2.905268331219691191e+00 3.840465262097898957e+00 3.840465262097899402e+00
1.710000000000000000e+02 -3.829698929014456077e+00 -3.829698929014455189e+00 -2.912115475901885020e+00 -2.912115475901882355e+00 -2.072558709773715258e+00 -2.072558709773709928e+00 2.072558709773709928e+00 2.072558709773714369e+00 2.912115475901881023e+00 2.912115475901884576e+00 3.829698929014455633e+00 3.829698929014456965e+00
1.720000000000000000e+02 -3.818884836891029533e+00 -3.818884836891028201e+00 -2.919174525242151930e+00 -2.919174525242149265e+00 -2.088848952869130748e+00 -2.088848952869126308e+00 2.088848952869124975e+00 2.088848952869129860e+00 2.919174525242150597e+00 2.919174525242151041e+00 3.818884836891028645e+00 3.818884836891029533e+00
1.730000000000000000e+02 -3.808034579161442501e+00 -3.808034579161441613e+00 -2.926439191750150215e+00 -2.926439191750148439e+00 -2.104553508328130818e+00 -2.104553508328126377e+00 2.104553508328126377e+00 2.104553508328130818e+00 2.926439191750147550e+00 2.926439191750151103e+00 3.808034579161442057e+00 3.808034579161443389e+00
1.740000000000000000e+02 -3.797160865624547910e+00 -3.797160865624545245e+00 -2.933901124943840255e+00 -2.933901124943836702e+00 -2.119665562673697767e+00 -2.119665562673694215e+00 2.119665562673693771e+00 2.119665562673697323e+00 2.933901124943836702e+00 2.933901124943840699e+00 3.797160865624546133e+00 3.797160865624547021e+00
1.750000000000000000e+02 -3.786277641926943271e+00 -3.786277641926942827e+00 -2.941549724312646052e+00 -2.941549724312644276e+00 -2.134179394301861432e+00 -2.134179394301857879e+00 2.134179394301859656e+00 2.134179394301861876e+00 2.941549724312641612e+00 2.941549724312643388e+00 3.786277641926944604e+00 3.786277641926945048e+00
1.760000000000000000e+02 -3.775400222100442793e+00 -3.775400222100442793e+00 -2.949371954330380685e+00 -2.949371954330378465e+00 -2.148090426724747370e+00 -2.148090426724742930e+00 2.148090426724740265e+00 2.148090426724747815e+00 2.949371954330378021e+00 2.949371954330382462e+00 3.775400222100442793e+00 3.775400222100442793e+00
1.770000000000000000e+02 -3.764545435007351504e+00 -3.764545435007350616e+00 -2.957352163121445887e+00 -2.957352163121441890e+00 -2.161395264315172149e+00 -2.161395264315169484e+00 2.161395264315167264e+00 2.161395264315171705e+00 2.957352163121444111e+00 2.957352163121447663e+00 3.764545435007351504e+00 3.764545435007351504e+00
1.780000000000000000e+02 -3.753731785295470136e+00 -3.753731785295469248e+00 -2.965471906149608206e+00 -2.965471906149605097e+00 -2.174091708570782266e+00 -2.174091708570777381e+00 2.174091708570776493e+00 2.174091708570781822e+00 2.965471906149603765e+00 2.965471906149607317e+00 3.753731785295470136e+00 3.753731785295470580e+00
1.790000000000000000e+02 -3.742979629040894540e+00 -3.742979629040894096e+00 -2.973709776108890868e+00 -2.973709776108888203e+00 -2.186178753529633312e+00 -2.186178753529631091e+00 2.186178753529629315e+00 2.186178753529632868e+00 2.973709776108886427e+00 2.973709776108892200e+00 3.742979629040895873e+00 3.742979629040895873e+00
1.800000000000000000e+02 -3.732311363592208053e+00 -3.732311363592205389e+00 -2.982041240152299988e+00 -2.982041240152297323e+00 -2.197656559678072163e+00 -2.197656559678067723e+00 2.197656559678067278e+00 2.197656559678071275e+00 2.982041240152296879e+00 2.982041240152300876e+00 3.732311363592207165e+00 3.732311363592208053e+00
1.810000000000000000e+02 -3.721751630135834432e+00 -3.721751630135833988e+00 -2.990438485827044524e+00 -2.990438485827041415e+00 -2.208526406453063640e+00 -2.208526406453061863e+00 2.208526406453060975e+00 2.208526406453064972e+00 2.990438485827041859e+00 2.990438485827042747e+00 3.721751630135835320e+00 3.721751630135835764e+00
1.820000000000000000e+02 -3.711327526069401639e+00 -3.711327526069401195e+00 -2.998870277752589519e+00 -2.998870277752588187e+00 -2.218790624206900208e+00 -2.218790624206897544e+00 2.218790624206895323e+00 2.218790624206899320e+00 2.998870277752587299e+00 2.998870277752589963e+00 3.711327526069401639e+00 3.711327526069402083e+00
1.830000000000000000e+02 -3.701068822266375236e+00 -3.701068822266373903e+00 -3.007301828360576135e+00 -3.007301828360574358e+00 -2.228452507223408929e+00 -2.228452507223404488e+00 2.228452507223403600e+00 2.228452507223406265e+00 3.007301828360575691e+00 3.007301828360577911e+00 3.701068822266374791e+00 3.701068822266375236e+00
1.840000000000000000e+02 -3.691008177595117790e+00 -3.691008177595117790e+00 -3.015694688104364918e+00 -3.015694688104361809e+00 -2.237516210006762929e+00 -2.237516210006760264e+00 2.237516210006760708e+00 2.237516210006762485e+00 3.015694688104362253e+00 3.015694688104364918e+00 3.691008177595117790e+00 3.691008177595120010e+00
1.850000000000000000e+02 -3.681181339472402225e+00 -3.681181339472400893e+00 -3.024006663622944568e+00 -3.024006663622942348e+00 -2.245986629570416504e+00 -2.245986629570414728e+00 2.245986629570413839e+00 2.245986629570416060e+00 3.024006663622941460e+00 3.024006663622942792e+00 3.681181339472401337e+00 3.681181339472402669e+00
1.860000000000000000e+02 -3.671627314671263242e+00 -3.671627314671261466e+00 -3.032191776548050832e+00 -3.032191776548047724e+00 -2.253869276810212430e+00 -2.253869276810211542e+00 2.253869276810210653e+00 2.253869276810214650e+00 3.032191776548046835e+00 3.032191776548051276e+00 3.671627314671262354e+00 3.671627314671264131e+00
1.870000000000000000e+02 -3.662388489036681793e+00 -3.662388489036681349e+00 -3.040200281014328709e+00 -3.040200281014326489e+00 -2.261170140241474780e+00 -2.261170140241473003e+00 2.261170140241470783e+00 2.261170140241473892e+00 3.040200281014328709e+00 3.040200281014330486e+00 3.662388489036681349e+00 3.662388489036682682e+00
1.880000000000000000e+02 -3.653510668331197753e+00 -3.653510668331196865e+00 -3.047978764326647383e+00 -3.047978764326645162e+00 -2.267895545417442094e+00 -2.267895545417438541e+00 2.267895545417437209e+00 2.267895545417442538e+00 3.047978764326644718e+00 3.047978764326646939e+00 3.653510668331196420e+00 3.653510668331197753e+00
1.890000000000000000e+02 -3.645043005566378280e+00 -3.645043005566377836e+00 -3.055470362211091473e+00 -3.055470362211090585e+00 -2.274052013240535519e+00 -2.274052013240532855e+00 2.274052013240530634e+00 2.274052013240535075e+00 3.055470362211091029e+00 3.055470362211093693e+00 3.645043005566377836e+00 3.645043005566378280e+00
1.900000000000000000e+02 -3.637037773743108549e+00 -3.637037773743107660e+00 -3.062615126734997695e+00 -3.062615126734996363e+00 -2.279646120152515110e+00 -2.279646120152515110e+00 2.279646120152512889e+00 2.279646120152516442e+00 3.062615126734996363e+00 3.062615126734996807e+00 3.637037773743108993e+00 3.637037773743109437e+00
1.910000000000000000e+02 -3.629549938376869012e+00 -3.629549938376869012e+00 -3.069350589843458987e+00 -3.069350589843458099e+00 -2.284684362874628505e+00 -2.284684362874626729e+00 2.284684362874626284e+00 2.284684362874627173e+00 3.069350589843458987e+00 3.069350589843459876e+00 3.629549938376869012e+00 3.629549938376869900e+00
1.920000000000000000e+02 -3.622636483648515870e+00 -3.622636483648514982e+00 -3.075612566367961431e+00 -3.075612566367960099e+00 -2.289173029996795616e+00 -2.289173029996793840e+00 2.289173029996792952e+00 2.289173029996794728e+00 3.075612566367960099e+00 3.075612566367963208e+00 3.622636483648514982e+00 3.622636483648515870e+00
1.930000000000000000e+02 -3.616355452206355903e+00 -3.616355452206355903e+00 -3.081336234575345223e+00 -3.081336234575344779e+00 -2.293118082317350925e+00 -2.293118082317348705e+00 2.293118082317347373e+00 2.293118082317350037e+00 3.081336234575345223e+00 3.081336234575345223e+00 3.616355452206356347e+00 3.616355452206356347e+00
1.940000000000000000e+02 -3.610764674444909339e+00 -3.610764674444908451e+00 -3.086457516920904531e+00 -3.086457516920903643e+00 -2.296525043440169611e+00 -2.296525043440165614e+00 2.296525043440163838e+00 2.296525043440169167e+00 3.086457516920903643e+00 3.086457516920905864e+00 3.610764674444908895e+00 3.610764674444909339e+00
1.950000000000000000e+02 -3.605920190729082986e+00 -3.605920190729082098e+00 -3.090914756394828711e+00 -3.090914756394826490e+00 -2.299398901767576220e+00 -2.299398901767575332e+00 2.299398901767574444e+00 2.299398901767574888e+00 3.090914756394826046e+00 3.090914756394830043e+00 3.605920190729082542e+00 3.605920190729083430e+00
1.960000000000000000e+02 -3.601874409789926901e+00 -3.601874409789926013e+00 -3.094650644419509877e+00 -3.094650644419509433e+00 -2.301744024702186753e+00 -2.301744024702186753e+00 2.301744024702184532e+00 2.301744024702186309e+00 3.094650644419509877e+00 3.094650644419509877e+00 3.601874409789926013e+00 3.601874409789927789e+00
1.970000000000000000e+02 -3.598674095228143521e+00 -3.598674095228143521e+00 -3.097614307816656254e+00 -3.097614307816655366e+00 -2.303564085599768330e+00 -2.303564085599767441e+00 2.303564085599765665e+00 2.303564085599766109e+00 3.097614307816657586e+00 3.097614307816658030e+00 3.598674095228143077e+00 3.598674095228144409e+00
1.980000000000000000e+02 -3.596358322132549468e+00 -3.596358322132547691e+00 -3.099763412504755067e+00 -3.099763412504752846e+00 -2.304862003803028969e+00 -2.304862003803028081e+00 2.304862003803026749e+00 2.304862003803028525e+00 3.099763412504753735e+00 3.099763412504755511e+00 3.596358322132548135e+00 3.596358322132549468e+00
1.990000000000000000e+02 -3.594956585619544676e+00 -3.594956585619542899e+00 -3.101066101942823838e+00 -3.101066101942823838e+00 -2.305639897932401094e+00 -2.305639897932401094e+00 2.305639897932399318e+00 2.305639897932400650e+00 3.101066101942823394e+00 3.101066101942824726e+00 3.594956585619543787e+00 3.594956585619545564e+00
2.000000000000000000e+02 -3.594487259458343242e+00 -3.594487259458342354e+00 -3.101502572078635112e+00 -3.101502572078634667e+00 -2.305899052509391201e+00 -2.305899052509388536e+00 2.305899052509388536e+00 2.305899052509388536e+00 3.101502572078636000e+00 3.101502572078636444e+00 3.594487259458342354e+00 3.594487259458343686e+00
2.010000000000000000e+02 -3.594121036006440395e+00 -3.594121036006439507e+00 -3.101383153849211372e+00 -3.101383153849210483e+00 -2.306744827168457856e+00 -2.306744827168456080e+00 2.306744827168455636e+00 2.306744827168456080e+00 3.101383153849211372e+00 3.101383153849214036e+00 3.594121036006438619e+00 3.594121036006440395e+00
2.020000000000000000e+02 -3.593023242480029467e+00 -3.593023242480028134e+00 -3.101024596777250952e+00 -3.101024596777250952e+00 -2.309278159305015343e+00 -2.309278159305014455e+00 2.309278159305014455e+00 2.309278159305014899e+00 3.101024596777249176e+00 3.101024596777250508e+00 3.593023242480028578e+00 3.593023242480029467e+00
2.030000000000000000e+02 -3.591196518106366753e+00 -3.591196518106365421e+00 -3.100425990414108046e+00 -3.100425990414107602e+00 -2.313487115061580113e+00 -2.313487115061579669e+00 2.313487115061577004e+00 2.313487115061577892e+00 3.100425990414111599e+00 3.100425990414112043e+00 3.591196518106364977e+00 3.591196518106365865e+00
2.040000000000000000e+02 -3.588645291024006756e+00 -3.588645291024005868e+00 -3.099585806265360510e+00 -3.099585806265359178e+00 -2.319351941921568905e+00 -2.319351941921568017e+00 2.319351941921566684e+00 2.319351941921566684e+00 3.099585806265359622e+00 3.099585806265361398e+00 3.588645291024006312e+00 3.588645291024006756e+00
2.050000000000000000e+02 -3.585375823467259693e+00 -3.585375823467257916e+00 -3.098501880862751801e+00 -3.098501880862751356e+00 -2.326845268921261312e+00 -2.326845268921260423e+00 2.326845268921258647e+00 2.326845268921260423e+00 3.098501880862751356e+00 3.098501880862753577e+00 3.585375823467257916e+00 3.585375823467258805e+00
2.060000000000000000e+02 -3.581396277154501817e+00 -3.581396277154501373e+00 -3.097171391448411804e+00 -3.097171391448410915e+00 -2.335932375869025801e+00 -2.335932375869025801e+00 2.335932375869024913e+00 2.335932375869025357e+00 3.097171391448410915e+00 3.097171391448411804e+00 3.581396277154501373e+00 3.581396277154502261e+00
2.070000000000000000e+02 -3.576716801106745613e+00 -3.576716801106744725e+00 -3.095590823655778756e+00 -3.095590823655777424e+00 -2.346571521018087303e+00 -2.346571521018086415e+00 2.346571521018085082e+00 2.346571521018086859e+00 3.095590823655778312e+00 3.095590823655778756e+00 3.576716801106745613e+00 3.576716801106745613e+00
2.080000000000000000e+02 -3.571349644900081000e+00 -3.571349644900081000e+00 -3.093755930401471232e+00 -3.093755930401469012e+00 -2.358714314304839910e+00 -2.358714314304839021e+00 2.358714314304838577e+00 2.358714314304838577e+00 3.093755930401470788e+00 3.093755930401472121e+00 3.571349644900082332e+00 3.571349644900082332e+00
2.090000000000000000e+02 -3.565309301245350948e+00 -3.565309301245350504e+00 -3.091661681045189791e+00 -3.091661681045188459e+00 -2.372306121330221895e+00 -2.372306121330221895e+00 2.372306121330219675e+00 2.372306121330221451e+00 3.091661681045188903e+00 3.091661681045191568e+00 3.565309301245351392e+00 3.565309301245351836e+00
2.100000000000000000e+02 -3.558612682822137163e+00 -3.558612682822135831e+00 -3.089302199745394883e+00 -3.089302199745393995e+00 -2.387286481704962160e+00 -2.387286481704961272e+00 2.387286481704958607e+00 2.387286481704961272e+00 3.089302199745393995e+00 3.089302199745394439e+00 3.558612682822137163e+00 3.558612682822138495e+00
2.110000000000000000e+02 -3.551279339507527943e+00 -3.551279339507526611e+00 -3.086670691862440918e+00 -3.086670691862439142e+00 -2.403589524126273691e+00 -2.403589524126271915e+00 2.403589524126271471e+00 2.403589524126273247e+00 3.086670691862439142e+00 3.086670691862440918e+00 3.551279339507527943e+00 3.551279339507527943e+00
2.120000000000000000e+02 -3.543331723571751191e+00 -3.543331723571751191e+00 -3.083759357279705071e+00 -3.083759357279704183e+00 -2.421144359476500529e+00 -2.421144359476499641e+00 2.421144359476496977e+00 2.421144359476499197e+00 3.083759357279705515e+00 3.083759357279706848e+00 3.543331723571751635e+00 3.543331723571751635e+00
2.130000000000000000e+02 -3.534795512103932946e+00 -3.534795512103932058e+00 -3.080559289695322445e+00 -3.080559289695321112e+00 -2.439875432152136536e+00 -2.439875432152135648e+00 2.439875432152133872e+00 2.439875432152136980e+00 3.080559289695321112e+00 3.080559289695322445e+00 3.534795512103932502e+00 3.534795512103933834e+00
2.140000000000000000e+02 -3.525699997922611129e+00 -3.525699997922609796e+00 -3.077060361389906351e+00 -3.077060361389905907e+00 -2.459702808506905036e+00 -2.459702808506904592e+00 2.459702808506905924e+00 2.459702808506907701e+00 3.077060361389903687e+00 3.077060361389903687e+00 3.525699997922610684e+00 3.525699997922612017e+00
2.150000000000000000e+02 -3.516078562552858777e+00 -3.516078562552858333e+00 -3.073251093871111284e+00 -3.073251093871110839e+00 -2.480542379422031818e+00 -2.480542379422030930e+00 2.480542379422028709e+00 2.480542379422030930e+00 3.073251093871112172e+00 3.073251093871112616e+00 3.516078562552859221e+00 3.516078562552859665e+00
2.160000000000000000e+02 -3.505969247535299704e+00 -3.505969247535299260e+00 -3.069118516404765185e+00 -3.069118516404764740e+00 -2.502305951213063651e+00 -2.502305951213061874e+00 2.502305951213060986e+00 2.502305951213062318e+00 3.069118516404762520e+00 3.069118516404764740e+00 3.505969247535299704e+00 3.505969247535301037e+00
2.170000000000000000e+02 -3.495415443360538443e+00 -3.495415443360537555e+00 -3.064648017196252905e+00 -3.064648017196250240e+00 -2.524901194837689378e+00 -2.524901194837688490e+00 2.524901194837686713e+00 2.524901194837688045e+00 3.064648017196253793e+00 3.064648017196254681e+00 3.495415443360537555e+00 3.495415443360538443e+00
2.180000000000000000e+02 -3.484466718624362969e+00 -3.484466718624362080e+00 -3.059823196576679560e+00 -3.059823196576677340e+00 -2.548231416986504794e+00 -2.548231416986503461e+00 2.548231416986502573e+00 2.548231416986505682e+00 3.059823196576676896e+00 3.059823196576677784e+00 3.484466718624362969e+00 3.484466718624365189e+00
2.190000000000000000e+02 -3.473179815393372394e+00 -3.473179815393371950e+00 -3.054625739104612769e+00 -3.054625739104611881e+00 -2.572195107110093915e+00 -2.572195107110093026e+00 2.572195107110091250e+00 2.572195107110092138e+00 3.054625739104612769e+00 3.054625739104614102e+00 3.473179815393372394e+00 3.473179815393373726e+00
2.200000000000000000e+02 -3.461619839886405092e+00 -3.461619839886404648e+00 -3.049035333900634193e+00 -3.049035333900634193e+00 -2.596685200203690869e+00 -2.596685200203690425e+00 2.596685200203689092e+00 2.596685200203689536e+00 3.049035333900634193e+00 3.049035333900634637e+00 3.461619839886405536e+00 3.461619839886405980e+00
2.210000000000000000e+02 -3.449861679712346696e+00 -3.449861679712346252e+00 -3.043029693039872807e+00 -3.043029693039872807e+00 -2.621587973656088977e+00 -2.621587973656088533e+00 2.621587973656087200e+00 2.621587973656088089e+00 3.043029693039871475e+00 3.043029693039872363e+00 3.449861679712348472e+00 3.449861679712348916e+00
2.220000000000000000e+02 -3.437991678791203931e+00 -3.437991678791202155e+00 -3.036584752288781441e+00 -3.036584752288781441e+00 -2.646781463074904917e+00 -2.646781463074904028e+00 2.646781463074903140e+00 2.646781463074904028e+00 3.036584752288779665e+00 3.036584752288783218e+00 3.437991678791203487e+00 3.437991678791205263e+00
2.230000000000000000e+02 -3.426109596482115105e+00 -3.426109596482112440e+00 -3.029675197969114553e+00 -3.029675197969112777e+00 -2.672133227880939543e+00 -2.672133227880939099e+00 2.672133227880936879e+00 2.672133227880939543e+00 3.029675197969112332e+00 3.029675197969113221e+00 3.426109596482114217e+00 3.426109596482115993e+00
2.240000000000000000e+02 -3.414330864449077296e+00 -3.414330864449076852e+00 -3.022275570505553066e+00 -3.022275570505551290e+00 -2.697497204285573602e+00 -2.697497204285571826e+00 2.697497204285571382e+00 2.697497204285572270e+00 3.022275570505549958e+00 3.022275570505552178e+00 3.414330864449079073e+00 3.414330864449079517e+00
2.250000000000000000e+02 -3.402789126717342683e+00 -3.402789126717340018e+00 -3.014362396762029661e+00 -3.014362396762026997e+00 -2.722709210237072242e+00 -2.722709210237071797e+00 2.722709210237069577e+00 2.722709210237070909e+00 3.014362396762027441e+00 3.014362396762029661e+00 3.402789126717340462e+00 3.402789126717342683e+00
2.260000000000000000e+02 -3.391638993961005877e+00 -3.391638993961004989e+00 -3.005918207722919622e+00 -3.005918207722916513e+00 -2.747580317184165732e+00 -2.747580317184165288e+00 2.747580317184164400e+00 2.747580317184167065e+00 3.005918207722914293e+00 3.005918207722916069e+00 3.391638993961007209e+00 3.391638993961007653e+00
2.270000000000000000e+02 -3.381058844163795651e+00 -3.381058844163792987e+00 -2.996939167825791284e+00 -2.996939167825790840e+00 -2.771886532832629424e+00 -2.771886532832627648e+00 2.771886532832628980e+00 2.771886532832630312e+00 2.996939167825791284e+00 2.996939167825792616e+00 3.381058844163793875e+00 3.381058844163794319e+00
2.280000000000000000e+02 -3.371253331325963831e+00 -3.371253331325961167e+00 -2.987450054797425647e+00 -2.987450054797425203e+00 -2.795351397072877830e+00 -2.795351397072877386e+00 2.795351397072877386e+00 2.795351397072877386e+00 2.987450054797426535e+00 2.987450054797427423e+00 3.371253331325960279e+00 3.371253331325961611e+00
2.290000000000000000e+02 -3.362454987510241633e+00 -3.362454987510241633e+00 -2.977535328534858472e+00 -2.977535328534856252e+00 -2.817613369943442247e+00 -2.817613369943439583e+00 2.817613369943440027e+00 2.817613369943441803e+00 2.977535328534857140e+00 2.977535328534857584e+00 3.362454987510242077e+00 3.362454987510242965e+00
2.300000000000000000e+02 -3.354923893723607886e+00 -3.354923893723607442e+00 -2.967408113490172195e+00 -2.967408113490170862e+00 -2.838157214308721699e+00 -2.838157214308721699e+00 2.838157214308721699e+00 2.838157214308722143e+00 2.967408113490170862e+00 2.967408113490171750e+00 3.354923893723607886e+00 3.354923893723610551e+00
2.310000000000000000e+02 -3.348943874207017668e+00 -3.348943874207016336e+00 -2.957572165557466271e+00 -2.957572165557464050e+00 -2.856155850202477531e+00 -2.856155850202476199e+00 2.856155850202475754e+00 2.856155850202477975e+00 2.957572165557464494e+00 2.957572165557464938e+00 3.348943874207015892e+00 3.348943874207018112e+00
2.320000000000000000e+02 -3.344813198199003690e+00 -3.344813198199000581e+00 -2.949182911531761153e+00 -2.949182911531757156e+00 -2.870118611079915283e+00 -2.870118611079914839e+00 2.870118611079913951e+00 2.870118611079915283e+00 2.949182911531755824e+00 2.949182911531758933e+00 3.344813198199003246e+00 3.344813198199005466e+00
2.330000000000000000e+02 -3.342827772971696643e+00 -3.342827772971694866e+00 -2.944459225584927786e+00 -2.944459225584924233e+00 -2.877496255950267035e+00 -2.877496255950266590e+00 2.877496255950266590e+00 2.877496255950267479e+00 2.944459225584925566e+00 2.944459225584926010e+00 3.342827772971695754e+00 3.342827772971696643e+00
2.340000000000000000e+02 -3.343255977147927105e+00 -3.343255977147925773e+00 -2.945371342263366721e+00 -2.945371342263365388e+00 -2.876018190919089168e+00 -2.876018190919087392e+00 2.876018190919087392e+00 2.876018190919090500e+00 2.945371342263363612e+00 2.945371342263365388e+00 3.343255977147927549e+00 3.343255977147928437e+00
2.350000000000000000e+02 -3.346307209371008007e+00 -3.346307209371008007e+00 -2.950550842549400254e+00 -2.950550842549397590e+00 -2.866813890394612319e+00 -2.866813890394612319e+00 2.866813890394612763e+00 2.866813890394612763e+00 2.950550842549399366e+00 2.950550842549400699e+00 3.346307209371006230e+00 3.346307209371008007e+00
2.360000000000000000e+02 -3.352100464037716332e+00 -3.352100464037715444e+00 -2.956955180799420102e+00 -2.956955180799419658e+00 -2.852779740131739850e+00 -2.852779740131737185e+00 2.852779740131734965e+00 2.852779740131736741e+00 2.956955180799421434e+00 2.956955180799422322e+00 3.352100464037716776e+00 3.352100464037717220e+00
2.370000000000000000e+02 -3.360642460073301141e+00 -3.360642460073299809e+00 -2.962680737245227736e+00 -2.962680737245226403e+00 -2.835787792983219369e+00 -2.835787792983217148e+00 2.835787792983218925e+00 2.835787792983218925e+00 2.962680737245227292e+00 2.962680737245228624e+00 3.360642460073298476e+00 3.360642460073299809e+00
2.380000000000000000e+02 -3.371823794966000598e+00 -3.371823794965998822e+00 -2.966934653451241299e+00 -2.966934653451240411e+00 -2.816717709131674852e+00 -2.816717709131674408e+00 2.816717709131672631e+00 2.816717709131674852e+00 2.966934653451242632e+00 2.966934653451244852e+00 3.371823794965997045e+00 3.371823794965999710e+00
2.390000000000000000e+02 -3.385435342333161124e+00 -3.385435342333159792e+00 -2.969488113852114974e+00 -2.969488113852112310e+00 -2.795987000652006227e+00 -2.795987000652005339e+00 2.795987000652002674e+00 2.795987000652003118e+00 2.969488113852114530e+00 2.969488113852114974e+00 3.385435342333159792e+00 3.385435342333162456e+00
2.400000000000000000e+02 -3.401199153006916553e+00 -3.401199153006913889e+00 -2.970379154029418878e+00 -2.970379154029417546e+00 -2.773817240880226631e+00 -2.773817240880225743e+00 2.773817240880221746e+00 2.773817240880223078e+00 2.970379154029420654e+00 2.970379154029422430e+00 3.401199153006915665e+00 3.401199153006918330e+00
2.410000000000000000e+02 -3.418803688129360641e+00 -3.418803688129357976e+00 -2.969768361490435993e+00 -2.969768361490434216e+00 -2.750343045349767479e+00 -2.750343045349763482e+00 2.750343045349767035e+00 2.750343045349767479e+00 2.969768361490435993e+00 2.969768361490437769e+00 3.418803688129357088e+00 3.418803688129358864e+00
2.420000000000000000e+02 -3.437934357224174953e+00 -3.437934357224173176e+00 -2.967862970937424461e+00 -2.967862970937421796e+00 -2.725657350259236278e+00 -2.725657350259234057e+00 2.725657350259232725e+00 2.725657350259233169e+00 2.967862970937421796e+00 2.967862970937424905e+00 3.437934357224175841e+00 3.437934357224176729e+00
2.430000000000000000e+02 -3.458294788625750460e+00 -3.458294788625750460e+00 -2.964875708312602498e+00 -2.964875708312601610e+00 -2.699831207643909714e+00 -2.699831207643908382e+00 2.699831207643906605e+00 2.699831207643907049e+00 2.964875708312601166e+00 2.964875708312604274e+00 3.458294788625750016e+00 3.458294788625750904e+00
2.440000000000000000e+02 -3.479618570611426431e+00 -3.479618570611425543e+00 -2.961003880138913136e+00 -2.961003880138911803e+00 -2.672922863155674289e+00 -2.672922863155672957e+00 2.672922863155670292e+00 2.672922863155670292e+00 2.961003880138917577e+00 2.961003880138918021e+00 3.479618570611423767e+00 3.479618570611424655e+00
2.450000000000000000e+02 -3.501673582305738108e+00 -3.501673582305736776e+00 -2.956420609926665222e+00 -2.956420609926663889e+00 -2.644982096326103260e+00 -2.644982096326100596e+00 2.644982096326097931e+00 2.644982096326099708e+00 2.956420609926665222e+00 2.956420609926666110e+00 3.501673582305737664e+00 3.501673582305739885e+00
2.460000000000000000e+02 -3.524261581533666199e+00 -3.524261581533663978e+00 -2.951272983453521626e+00 -2.951272983453520293e+00 -2.616052394995701746e+00 -2.616052394995700414e+00 2.616052394995698638e+00 2.616052394995699526e+00 2.951272983453522070e+00 2.951272983453523402e+00 3.524261581533663534e+00 3.524261581533663534e+00
2.470000000000000000e+02 -3.547215273876145769e+00 -3.547215273876143993e+00 -2.945683718069196377e+00 -2.945683718069194157e+00 -2.586172125134576394e+00 -2.586172125134574618e+00 2.586172125134575062e+00 2.586172125134575950e+00 2.945683718069193269e+00 2.945683718069193713e+00 3.547215273876146213e+00 3.547215273876148878e+00
2.480000000000000000e+02 -3.570394370527435690e+00 -3.570394370527433026e+00 -2.939754308732654753e+00 -2.939754308732651644e+00 -2.555375236347326773e+00 -2.555375236347324996e+00 2.555375236347323220e+00 2.555375236347324996e+00 2.939754308732656973e+00 2.939754308732658306e+00 3.570394370527431693e+00 3.570394370527433470e+00
2.490000000000000000e+02 -3.593681514245290476e+00 -3.593681514245288255e+00 -2.933568518432192906e+00 -2.933568518432192462e+00 -2.523691756697159505e+00 -2.523691756697158173e+00 2.523691756697157729e+00 2.523691756697159505e+00 2.933568518432194239e+00 2.933568518432194683e+00 3.593681514245289144e+00 3.593681514245289144e+00
2.500000000000000000e+02 -3.616978514812928758e+00 -3.616978514812928758e+00 -2.927195654724657814e+00 -2.927195654724656482e+00 -2.491148194252041037e+00 -2.491148194252034820e+00 2.491148194252035264e+00 2.491148194252037484e+00 2.927195654724659590e+00 2.927195654724660923e+00 3.616978514812926981e+00 3.616978514812927870e+00
2.510000000000000000e+02 -3.640203069929494273e+00 -3.640203069929493829e+00 -2.920693404952432903e+00 -2.920693404952432015e+00 -2.457767897420306547e+00 -2.457767897420303438e+00 2.457767897420302106e+00 2.457767897420303438e+00 2.920693404952434236e+00 2.920693404952435124e+00 3.640203069929492052e+00 3.640203069929492052e+00
2.520000000000000000e+02 -3.663286003554437009e+00 -3.663286003554434345e+00 -2.914110177523519862e+00 -2.914110177523518974e+00 -2.423571395196141065e+00 -2.423571395196134404e+00 2.423571395196137512e+00 2.423571395196138845e+00 2.914110177523519418e+00 2.914110177523519418e+00 3.663286003554435233e+00 3.663286003554436121e+00
2.530000000000000000e+02 -3.686168984888527955e+00 -3.686168984888527511e+00 -2.907486979565466534e+00 -2.907486979565466090e+00 -2.388576724342133417e+00 -2.388576724342131197e+00 2.388576724342133417e+00 2.388576724342134305e+00 2.907486979565466978e+00 2.907486979565469198e+00 3.686168984888525735e+00 3.686168984888525735e+00
2.540000000000000000e+02 -3.708802664460458587e+00 -3.708802664460457699e+00 -2.900858893870951860e+00 -2.900858893870950972e+00 -2.352799744634080259e+00 -2.352799744634080259e+00 2.352799744634078927e+00 2.352799744634080703e+00 2.900858893870953636e+00 2.900858893870954081e+00 3.708802664460458143e+00 3.708802664460459031e+00
2.550000000000000000e+02 -3.731145158746404178e+00 -3.731145158746402402e+00 -2.894256225129252513e+00 -2.894256225129250737e+00 -2.316254441249988805e+00 -2.316254441249987028e+00 2.316254441249987028e+00 2.316254441249988805e+00 2.894256225129252513e+00 2.894256225129253401e+00 3.731145158746400625e+00 3.731145158746401513e+00
2.560000000000000000e+02 -3.753160819691700567e+00 -3.753160819691698347e+00 -2.887705380826254054e+00 -2.887705380826253609e+00 -2.278953213047405946e+00 -2.278953213047404169e+00 2.278953213047403281e+00 2.278953213047404613e+00 2.887705380826254054e+00 2.887705380826254498e+00 3.753160819691699679e+00 3.753160819691699679e+00
2.570000000000000000e+02 -3.774819234194296769e+00 -3.774819234194296325e+00 -2.881229543177338481e+00 -2.881229543177338037e+00 -2.240907145793838318e+00 -2.240907145793836097e+00 2.240907145793837874e+00 2.240907145793839206e+00 2.881229543177339814e+00 2.881229543177340702e+00 3.774819234194295881e+00 3.774819234194295881e+00
2.580000000000000000e+02 -3.796094407955971750e+00 -3.796094407955971750e+00 -2.874849178608310130e+00 -2.874849178608310130e+00 -2.202126269911602652e+00 -2.202126269911602208e+00 2.202126269911603096e+00 2.202126269911603984e+00 2.874849178608311018e+00 2.874849178608312350e+00 3.796094407955970418e+00 3.796094407955970418e+00
2.590000000000000000e+02 -3.816964096728912015e+00 -3.816964096728910683e+00 -2.868582422203474369e+00 -2.868582422203473925e+00 -2.162619802768526167e+00 -2.162619802768522614e+00 2.162619802768522614e+00 2.162619802768523947e+00 2.868582422203473925e+00 2.868582422203474813e+00 3.816964096728911127e+00 3.816964096728912015e+00
2.600000000000000000e+02 -3.837409255382244311e+00 -3.837409255382242979e+00 -2.862445366763950005e+00 -2.862445366763947785e+00 -2.122396375923570666e+00 -2.122396375923568002e+00 2.122396375923568002e+00 2.122396375923569334e+00 2.862445366763950449e+00 2.862445366763951782e+00 3.837409255382240758e+00 3.837409255382242090e+00
2.610000000000000000e+02 -3.857413581312586270e+00 -3.857413581312585826e+00 -2.856452279743542544e+00 -2.856452279743541212e+00 -2.081464248016159591e+00 -2.081464248016158702e+00 2.081464248016155594e+00 2.081464248016157370e+00 2.856452279743544320e+00 2.856452279743545652e+00 3.857413581312586270e+00 3.857413581312586270e+00
2.620000000000000000e+02 -3.876963133636493808e+00 -3.876963133636493808e+00 -2.850615766225526038e+00 -2.850615766225522929e+00 -2.039831504188726718e+00 -2.039831504188725830e+00 2.039831504188725386e+00 2.039831504188725830e+00 2.850615766225526038e+00 2.850615766225526482e+00 3.876963133636492476e+00 3.876963133636493364e+00
2.630000000000000000e+02 -3.896046013506393901e+00 -3.896046013506391681e+00 -2.844946892073546785e+00 -2.844946892073546341e+00 -1.997506243079724797e+00 -1.997506243079721244e+00 1.997506243079721910e+00 1.997506243079724575e+00 2.844946892073545452e+00 2.844946892073546341e+00 3.896046013506390349e+00 3.896046013506392125e+00
2.640000000000000000e+02 -3.914652093967976754e+00 -3.914652093967975865e+00 -2.839455278229928936e+00 -2.839455278229928492e+00 -1.954496752543651628e+00 -1.954496752543650517e+00 1.954496752543649851e+00 1.954496752543650961e+00 2.839455278229929824e+00 2.839455278229931157e+00 3.914652093967973645e+00 3.914652093967975421e+00
2.650000000000000000e+02 -3.932772790190482315e+00 -3.932772790190480539e+00 -2.834149174663806559e+00 -2.834149174663804782e+00 -1.910811675367995788e+00 -1.910811675367992457e+00 1.910811675367994455e+00 1.910811675367995122e+00 2.834149174663806114e+00 2.834149174663806559e+00 3.932772790190480094e+00 3.932772790190480983e+00
2.660000000000000000e+02 -3.950400862791374479e+00 -3.950400862791373591e+00 -2.829035520538554227e+00 -2.829035520538553783e+00 -1.866460166382787556e+00 -1.866460166382784669e+00 1.866460166382785113e+00 1.866460166382786223e+00 2.829035520538555559e+00 2.829035520538555559e+00 3.950400862791372258e+00 3.950400862791372703e+00
2.670000000000000000e+02 -3.967530248456768938e+00 -3.967530248456766273e+00 -2.824119995652020876e+00 -2.824119995652019988e+00 -1.821452042513776348e+00 -1.821452042513774794e+00 1.821452042513773240e+00 1.821452042513774572e+00 2.824119995652021764e+00 2.824119995652022652e+00 3.967530248456768494e+00 3.967530248456768494e+00
2.680000000000000000e+02 -3.984155913218888401e+00 -3.984155913218887068e+00 -2.819407067008881995e+00 -2.819407067008881107e+00 -1.775797927531182596e+00 -1.775797927531178821e+00 1.775797927531179488e+00 1.775797927531180598e+00 2.819407067008882439e+00 2.819407067008883772e+00 3.984155913218886624e+00 3.984155913218887068e+00
2.690000000000000000e+02 -4.000273724662834596e+00 -4.000273724662834596e+00 -2.814900033439498017e+00 -2.814900033439498017e+00 -1.729509393509952586e+00 -1.729509393509947701e+00 1.729509393509949700e+00 1.729509393509951698e+00 2.814900033439496685e+00 2.814900033439498461e+00 4.000273724662832819e+00 4.000273724662833708e+00
2.700000000000000000e+02 -4.015880340052270014e+00 -4.015880340052269126e+00 -2.810601070427697579e+00 -2.810601070427694914e+00 -1.682599101365435112e+00 -1.682599101365434224e+00 1.682599101365433336e+00 1.682599101365435557e+00 2.810601070427697135e+00 2.810601070427698023e+00 4.015880340052268238e+00 4.015880340052269126e+00
2.710000000000000000e+02 -4.030973107930094557e+00 -4.030973107930093668e+00 -2.806511276708810954e+00 -2.806511276708809621e+00 -1.635080943286748800e+00 -1.635080943286748578e+00 1.635080943286746358e+00 1.635080943286748800e+00 2.806511276708810065e+00 2.806511276708812286e+00 4.030973107930093668e+00 4.030973107930095445e+00
2.720000000000000000e+02 -4.045549981199289213e+00 -4.045549981199288325e+00 -2.802630723716697414e+00 -2.802630723716696970e+00 -1.586970190494438882e+00 -1.586970190494435329e+00 1.586970190494436661e+00 1.586970190494437771e+00 2.802630723716698746e+00 2.802630723716699190e+00 4.045549981199287437e+00 4.045549981199289213e+00
2.730000000000000000e+02 -4.059609440046199502e+00 -4.059609440046195061e+00 -2.798958508570183579e+00 -2.798958508570182691e+00 -1.538283650547771719e+00 -1.538283650547771497e+00 1.538283650547770165e+00 1.538283650547771941e+00 2.798958508570182691e+00 2.798958508570182691e+00 4.059609440046196838e+00 4.059609440046199502e+00
2.740000000000000000e+02 -4.073150423353919081e+00 -4.073150423353919081e+00 -2.795492810976567544e+00 -2.795492810976567100e+00 -1.489039839487541927e+00 -1.489039839487539707e+00 1.489039839487541039e+00 1.489039839487541483e+00 2.795492810976568432e+00 2.795492810976568876e+00 4.073150423353918193e+00 4.073150423353919081e+00
2.750000000000000000e+02 -4.086172267482264253e+00 -4.086172267482263365e+00 -2.792230954178521962e+00 -2.792230954178521962e+00 -1.439259175517141554e+00 -1.439259175517137557e+00 1.439259175517138445e+00 1.439259175517140665e+00 2.792230954178522850e+00 2.792230954178523739e+00 4.086172267482264253e+00 4.086172267482264253e+00
2.760000000000000000e+02 -4.098674651475249675e+00 -4.098674651475248787e+00 -2.789169469869567042e+00 -2.789169469869565710e+00 -1.388964202831891814e+00 -1.388964202831889372e+00 1.388964202831889372e+00 1.388964202831891592e+00 2.789169469869565710e+00 2.789169469869566598e+00 4.098674651475247899e+00 4.098674651475249675e+00
2.770000000000000000e+02 -4.110657547906413356e+00 -4.110657547906411580e+00 -2.786304166844116637e+00 -2.786304166844114860e+00 -1.338179856795502110e+00 -1.338179856795498113e+00 1.338179856795499445e+00 1.338179856795501665e+00 2.786304166844113972e+00 2.786304166844114860e+00 4.110657547906414244e+00 4.110657547906415132e+00
2.780000000000000000e+02 -4.122121178693875621e+00 -4.122121178693875621e+00 -2.783630203023541139e+00 -2.783630203023538918e+00 -1.286933785209402048e+00 -1.286933785209398495e+00 1.286933785209399161e+00 1.286933785209401382e+00 2.783630203023539806e+00 2.783630203023539806e+00 4.122121178693875621e+00 4.122121178693876509e+00
2.790000000000000000e+02 -4.133065975316560170e+00 -4.133065975316559282e+00 -2.781142160404632691e+00 -2.781142160404631802e+00 -1.235256745328207950e+00 -1.235256745328206174e+00 1.235256745328205952e+00 1.235256745328207728e+00 2.781142160404633135e+00 2.781142160404633135e+00 4.133065975316559282e+00 4.133065975316559282e+00
2.800000000000000000e+02 -4.143492542945052648e+00 -4.143492542945050872e+00 -2.778834122406494966e+00 -2.778834122406494078e+00 -1.183183103135654335e+00 -1.183183103135651670e+00 1.183183103135652114e+00 1.183183103135653447e+00 2.778834122406494078e+00 2.778834122406494966e+00 4.143492542945052648e+00 4.143492542945052648e+00
2.810000000000000000e+02 -4.153401628068413842e+00 -4.153401628068412954e+00 -2.776699753042579655e+00 -2.776699753042577878e+00 -1.130751471093517591e+00 -1.130751471093514704e+00 1.130751471093514704e+00 1.130751471093517813e+00 2.776699753042578767e+00 2.776699753042580099e+00 4.153401628068412954e+00 4.153401628068412954e+00
2.820000000000000000e+02 -4.162794089254994390e+00 -4.162794089254992613e+00 -2.774732377312997933e+00 -2.774732377312996157e+00 -1.078005534442216362e+00 -1.078005534442214808e+00 1.078005534442215474e+00 1.078005534442217250e+00 2.774732377312996601e+00 2.774732377312997933e+00 4.162794089254992613e+00 4.162794089254994390e+00
2.830000000000000000e+02 -4.171670870732918424e+00 -4.171670870732916647e+00 -2.772925062195638723e+00 -2.772925062195637835e+00 -1.024995136193540324e+00 -1.024995136193539214e+00 1.024995136193540102e+00 1.024995136193540546e+00 2.772925062195638279e+00 2.772925062195638723e+00 4.171670870732914871e+00 4.171670870732915759e+00
2.840000000000000000e+02 -4.180032978516159403e+00 -4.180032978516157627e+00 -2.771270697610547007e+00 -2.771270697610546119e+00 -9.717777203378622497e-01 -9.717777203378604733e-01 9.717777203378606954e-01 9.717777203378619166e-01 2.771270697610546119e+00 2.771270697610547007e+00 4.180032978516159403e+00 4.180032978516159403e+00
2.850000000000000000e+02 -4.187881458836535842e+00 -4.187881458836534954e+00 -2.769762076738393919e+00 -2.769762076738392587e+00 -9.184202763539335290e-01 -9.184202763539318637e-01 9.184202763539308645e-01 9.184202763539330849e-01 2.769762076738393031e+00 2.769762076738393919e+00 4.187881458836535842e+00 4.187881458836536730e+00
2.860000000000000000e+02 -4.195217378671383557e+00 -4.195217378671381780e+00 -2.768391975088752233e+00 -2.768391975088751344e+00 -8.650019934970738511e-01 -8.650019934970729629e-01 8.650019934970718527e-01 8.650019934970740731e-01 2.768391975088751344e+00 2.768391975088752677e+00 4.195217378671380892e+00 4.195217378671382669e+00
2.870000000000000000e+02 -4.202041808182252147e+00 -4.202041808182247706e+00 -2.767153227735658305e+00 -2.767153227735658305e+00 -8.116179326157189067e-01 -8.116179326157182405e-01 8.116179326157172413e-01 8.116179326157199059e-01 2.767153227735659193e+00 2.767153227735659637e+00 4.202041808182247706e+00 4.202041808182249483e+00
2.880000000000000000e+02 -4.208355804902215169e+00 -4.208355804902215169e+00 -2.766038804165122045e+00 -2.766038804165120712e+00 -7.583841754699472970e-01 -7.583841754699458537e-01 7.583841754699462978e-01 7.583841754699475191e-01 2.766038804165121157e+00 2.766038804165121601e+00 4.208355804902212505e+00 4.208355804902213393e+00
2.890000000000000000e+02 -4.214160399528849688e+00 -4.214160399528847023e+00 -2.765041880210597824e+00 -2.765041880210596936e+00 -7.054451465320191739e-01 -7.054451465320178416e-01 7.054451465320202841e-01 7.054451465320202841e-01 2.765041880210595604e+00 2.765041880210596492e+00 4.214160399528846135e+00 4.214160399528850576e+00
2.900000000000000000e+02 -4.219456583197262134e+00 -4.219456583197261246e+00 -2.764155906586814204e+00 -2.764155906586814204e+00 -6.529841653723699180e-01 -6.529841653723674755e-01 6.529841653723671424e-01 6.529841653723692518e-01 2.764155906586814204e+00 2.764155906586815536e+00 4.219456583197260358e+00 4.219456583197263910e+00
2.910000000000000000e+02 -4.224245296122828286e+00 -4.224245296122825621e+00 -2.763374673568838702e+00 -2.763374673568833817e+00 -6.012388429549886393e-01 -6.012388429549864188e-01 6.012388429549853086e-01 6.012388429549878621e-01 2.763374673568836482e+00 2.763374673568837370e+00 4.224245296122827398e+00 4.224245296122828286e+00
2.920000000000000000e+02 -4.228527417517035758e+00 -4.228527417517035758e+00 -2.762692371401031188e+00 -2.762692371401030300e+00 -5.505237560045090905e-01 -5.505237560045077583e-01 5.505237560045093126e-01 5.505237560045104228e-01 2.762692371401030300e+00 2.762692371401030744e+00 4.228527417517036646e+00 4.228527417517036646e+00
2.930000000000000000e+02 -4.232303756692180841e+00 -4.232303756692179064e+00 -2.762103646059141049e+00 -2.762103646059137052e+00 -5.012639454517004989e-01 -5.012639454516967241e-01 5.012639454516981674e-01 5.012639454516997217e-01 2.762103646059139272e+00 2.762103646059141049e+00 4.232303756692180841e+00 4.232303756692181729e+00
2.940000000000000000e+02 -4.235575045281804840e+00 -4.235575045281803952e+00 -2.761603650027227630e+00 -2.761603650027227186e+00 -4.540439484114000002e-01 -4.540439484113989455e-01 4.540439484113991675e-01 4.540439484114011104e-01 2.761603650027229406e+00 2.761603650027229850e+00 4.235575045281802176e+00 4.235575045281803064e+00
2.950000000000000000e+02 -4.238341930513880307e+00 -4.238341930513879419e+00 -2.761188087789693490e+00 -2.761188087789691270e+00 -4.096771119277544670e-01 -4.096771119277519135e-01 4.096771119277507478e-01 4.096771119277525797e-01 2.761188087789692158e+00 2.761188087789693046e+00 4.238341930513880307e+00 4.238341930513880307e+00
2.960000000000000000e+02 -4.240604969483157127e+00 -4.240604969483153575e+00 -2.760853255776401838e+00 -2.760853255776400950e+00 -3.692949890994845497e-01 -3.692949890994822182e-01 3.692949890994823292e-01 3.692949890994826623e-01 2.760853255776398729e+00 2.760853255776399617e+00 4.240604969483158015e+00 4.240604969483158904e+00
2.970000000000000000e+02 -4.242364624377505500e+00 -4.242364624377503723e+00 -2.760596076536204979e+00 -2.760596076536203647e+00 -3.344368876048057770e-01 -3.344368876048036676e-01 3.344368876048051664e-01 3.344368876048053885e-01 2.760596076536204535e+00 2.760596076536205423e+00 4.242364624377501059e+00 4.242364624377501947e+00
2.980000000000000000e+02 -4.243621258621047332e+00 -4.243621258621043779e+00 -2.760414126950406555e+00 -2.760414126950403446e+00 -3.070690105085179256e-01 -3.070690105085157051e-01 3.070690105085168153e-01 3.070690105085174815e-01 2.760414126950404778e+00 2.760414126950404778e+00 4.243621258621043779e+00 4.243621258621046444e+00
2.990000000000000000e+02 -4.244375133904565445e+00 -4.244375133904561892e+00 -2.760305660333404187e+00 -2.760305660333401967e+00 -2.893846592073336943e-01 -2.893846592073311963e-01 2.893846592073315849e-01 2.893846592073333057e-01 2.760305660333402855e+00 2.760305660333403299e+00 4.244375133904561892e+00 4.244375133904563668e+00
