0.000000000000000000e+00 -4.778985825267400678e+00 -4.778985825267396237e+00 -3.652176436251625802e+00 -3.652176436251623137e+00 -1.054544721920851025e+00 -1.054544721920849026e+00 1.054544721920848582e+00 1.054544721920848804e+00 3.652176436251622249e+00 3.652176436251625802e+00 4.778985825267398901e+00 4.778985825267401566e+00
1.000000000000000000e+00 -4.778715060676079318e+00 -4.778713749935500132e+00 -3.652097441089081187e+00 -3.652090535871640675e+00 -1.057490592487317471e+00 -1.057472667969634239e+00 1.057472667969633129e+00 1.057490592487317249e+00 3.652090535871641563e+00 3.652097441089082963e+00 4.778713749935496580e+00 4.778715060676081983e+00
2.000000000000000000e+00 -4.777905206664618376e+00 -4.777894720910925486e+00 -3.651874872212439005e+00 -3.651819660032822767e+00 -1.066307543491009424e+00 -1.066165430022870897e+00 1.066165430022870675e+00 1.066307543491009424e+00 3.651819660032820991e+00 3.651874872212437673e+00 4.777894720910928150e+00 4.777905206664621929e+00
3.000000000000000000e+00 -4.776559655551010586e+00 -4.776524267130936252e+00 -3.651531211952108169e+00 -3.651345037321251041e+00 -1.080882532552229547e+00 -1.080409879366856618e+00 1.080409879366854398e+00 1.080882532552229103e+00 3.651345037321252374e+00 3.651531211952106393e+00 4.776524267130935364e+00 4.776559655551011474e+00
4.000000000000000000e+00 -4.774681457493597847e+00 -4.774597577334889209e+00 -3.651090006525458787e+00 -3.650649257157570382e+00 -1.101002345694313211e+00 -1.099904051861097409e+00 1.099904051861096299e+00 1.101002345694310769e+00 3.650649257157570382e+00 3.651090006525459231e+00 4.774597577334888321e+00 4.774681457493603176e+00
5.000000000000000000e+00 -4.772273347296093426e+00 -4.772109528325105821e+00 -3.650575753985757732e+00 -3.649716308629445738e+00 -1.126370528099608359e+00 -1.124277508197986108e+00 1.124277508197986775e+00 1.126370528099607915e+00 3.649716308629445294e+00 3.650575753985755512e+00 4.772109528325104932e+00 4.772273347296095203e+00
6.000000000000000000e+00 -4.769337781764818374e+00 -4.769054724431906145e+00 -3.650013776632905049e+00 -3.648531606798242510e+00 -1.156628235724084464e+00 -1.153113656069103099e+00 1.153113656069104653e+00 1.156628235724083797e+00 3.648531606798243399e+00 3.650013776632906382e+00 4.769054724431904368e+00 4.769337781764818374e+00
7.000000000000000000e+00 -4.765876987324674019e+00 -4.765427548242952227e+00 -3.649430077883977219e+00 -3.647082007687148852e+00 -1.191375973628195917e+00 -1.185971217495462415e+00 1.185971217495463303e+00 1.191375973628196361e+00 3.647082007687148852e+00 3.649430077883979440e+00 4.765427548242952227e+00 4.765876987324677572e+00
8.000000000000000000e+00 -4.761893017534504224e+00 -4.761222222707457874e+00 -3.648851183669597820e+00 -3.645355813409607126e+00 -1.230193712622580371e+00 -1.222402827552688809e+00 1.222402827552689253e+00 1.230193712622581037e+00 3.645355813409605350e+00 3.648851183669596487e+00 4.761222222707459650e+00 4.761893017534503336e+00
9.000000000000000000e+00 -4.757387820081904195e+00 -4.756432884810149808e+00 -3.648303968453691759e+00 -3.643342769168919304e+00 -1.272657764845663841e+00 -1.261969713108342939e+00 1.261969713108341384e+00 1.272657764845663175e+00 3.643342769168921969e+00 3.648303968453691759e+00 4.756432884810149808e+00 4.757387820081905971e+00
1.000000000000000000e+01 -4.752363312785408134e+00 -4.751053671131939993e+00 -3.647815465964422632e+00 -3.641034054155977806e+00 -1.318353717344741050e+00 -1.304252239623689968e+00 1.304252239623691079e+00 1.318353717344739939e+00 3.641034054155978250e+00 3.647815465964419968e+00 4.751053671131937328e+00 4.752363312785409022e+00
1.100000000000000000e+01 -4.746821468092536911e+00 -4.745078815779647741e+00 -3.647412664667453619e+00 -3.638422268698438433e+00 -1.366885449154017662e+00 -1.348856690711274009e+00 1.348856690711272011e+00 1.366885449154017218e+00 3.638422268698437989e+00 3.647412664667451399e+00 4.745078815779646852e+00 4.746821468092538687e+00
1.200000000000000000e+01 -4.740764405538428150e+00 -4.738502761380692263e+00 -3.647122287902778037e+00 -3.635501420381550108e+00 -1.417880711153054030e+00 -1.395418946032582763e+00 1.395418946032581431e+00 1.417880711153052919e+00 3.635501420381551441e+00 3.647122287902774485e+00 4.738502761380694039e+00 4.740764405538427262e+00
1.300000000000000000e+01 -4.734194491624252876e+00 -4.731320284107432883e+00 -3.646970558435544962e+00 -3.632266912280780691e+00 -1.470993951970152480e+00 -1.443605807831860321e+00 1.443605807831859433e+00 1.470993951970152036e+00 3.632266912280780691e+00 3.646970558435542742e+00 4.731320284107432883e+00 4.734194491624256429e+00
1.400000000000000000e+01 -4.727114446590356067e+00 -4.723526634027606086e+00 -3.646982946930795499e+00 -3.628715536939481012e+00 -1.525907098084866353e+00 -1.493114675302216199e+00 1.493114675302216421e+00 1.525907098084866798e+00 3.628715536939480124e+00 3.646982946930793723e+00 4.723526634027606086e+00 4.727114446590356067e+00
1.500000000000000000e+01 -4.719527457597086695e+00 -4.715117692481314293e+00 -3.647183903541200145e+00 -3.624845480315919133e+00 -1.582328917991063566e+00 -1.543672149029714502e+00 1.543672149029712726e+00 1.582328917991063122e+00 3.624845480315919577e+00 3.647183903541199257e+00 4.715117692481315181e+00 4.719527457597086695e+00
1.600000000000000000e+01 -4.711437297888982911e+00 -4.706090148673433227e+00 -3.647596571383776798e+00 -3.620656340647768534e+00 -1.639993478353882983e+00 -1.595032013172087204e+00 1.595032013172086094e+00 1.639993478353879652e+00 3.620656340647768534e+00 3.647596571383774133e+00 4.706090148673434115e+00 4.711437297888982911e+00
1.700000000000000000e+01 -4.702848451605816216e+00 -4.696441698256575314e+00 -3.648242480161933088e+00 -3.616149168084171084e+00 -1.698658072536134434e+00 -1.646972918058478896e+00 1.646972918058481339e+00 1.698658072536133545e+00 3.616149168084172860e+00 3.648242480161930867e+00 4.696441698256576203e+00 4.702848451605817104e+00
1.800000000000000000e+01 -4.693766244018577893e+00 -4.686171267381338268e+00 -3.649141217547178684e+00 -3.611326532076320373e+00 -1.758100888457642785e+00 -1.699295982438062458e+00 1.699295982438063346e+00 1.758100888457639677e+00 3.611326532076323481e+00 3.649141217547176019e+00 4.686171267381338268e+00 4.693766244018582334e+00
1.900000000000000000e+01 -4.684196977110415716e+00 -4.675279266526395361e+00 -3.650310075152864098e+00 -3.606192624976299221e+00 -1.818118590868354145e+00 -1.751822455185138905e+00 1.751822455185138461e+00 1.818118590868353035e+00 3.606192624976301442e+00 3.650310075152863210e+00 4.675279266526395361e+00 4.684196977110416604e+00
2.000000000000000000e+01 -4.674148070592966775e+00 -4.663767879413732054e+00 -3.651763664991939606e+00 -3.600753412175575541e+00 -1.878523923049612909e+00 -1.804391518652511239e+00 1.804391518652511239e+00 1.878523923049611133e+00 3.600753412175579982e+00 3.651763664991937830e+00 4.663767879413730277e+00 4.674148070592968551e+00
2.100000000000000000e+01 -4.663628208649000406e+00 -4.651641393486984910e+00 -3.653513501193830226e+00 -3.595016841555468634e+00 -1.939143381644629072e+00 -1.856858275998248153e+00 1.856858275998248597e+00 1.939143381644630626e+00 3.595016841555469522e+00 3.653513501193825785e+00 4.651641393486985798e+00 4.663628208648998630e+00
2.200000000000000000e+01 -4.652647492924217865e+00 -4.638906579806514330e+00 -3.655567540447679509e+00 -3.588993128199942095e+00 -1.999814981598790675e+00 -1.909091938425317991e+00 1.909091938425317325e+00 1.999814981598790453e+00 3.588993128199943428e+00 3.655567540447675956e+00 4.638906579806520547e+00 4.652647492924216088e+00
2.300000000000000000e+01 -4.641217602557440536e+00 -4.625573131810644334e+00 -3.657929673133720971e+00 -3.582695134464822129e+00 -2.060386101961710903e+00 -1.960974211621163699e+00 1.960974211621164143e+00 2.060386101961710459e+00 3.582695134464823017e+00 3.657929673133722304e+00 4.625573131810640781e+00 4.641217602557437871e+00
2.400000000000000000e+01 -4.629351962342088456e+00 -4.611654174212691082e+00 -3.660599155412004979e+00 -3.576138870895694932e+00 -2.120711384005241396e+00 -2.012397870771263086e+00 2.012397870771262642e+00 2.120711384005240507e+00 3.576138870895697153e+00 3.660599155412004091e+00 4.611654174212690194e+00 4.629351962342088456e+00
2.500000000000000000e+01 -4.617065920457524619e+00 -4.597166855324946511e+00 -3.663569970699608103e+00 -3.569344150492431034e+00 -2.180650637835019001e+00 -2.063265508092680722e+00 2.063265508092679834e+00 2.180650637835017669e+00 3.569344150492434142e+00 3.663569970699605438e+00 4.597166855324949175e+00 4.617065920457522843e+00
2.600000000000000000e+01 -4.604376937601466935e+00 -4.582133038250331580e+00 -3.666830107080313539e+00 -3.562335437839259100e+00 -2.240066700115726395e+00 -2.113488434260577087e+00 2.113488434260577087e+00 2.240066700115726395e+00 3.562335437839260877e+00 3.666830107080311763e+00 4.582133038250331580e+00 4.604376937601466047e+00
2.700000000000000000e+01 -4.591304789801290198e+00 -4.566580108498868640e+00 -3.670360735444725631e+00 -3.555142946073357457e+00 -2.298823171920554742e+00 -2.162985714237243950e+00 2.162985714237244839e+00 2.298823171920553854e+00 3.555142946073358345e+00 3.670360735444726075e+00 4.566580108498868640e+00 4.591304789801287534e+00
2.800000000000000000e+01 -4.577871787688952310e+00 -4.550541917359812949e+00 -3.674135271897306598e+00 -3.547804048861256110e+00 -2.356781950806654535e+00 -2.211683318071150151e+00 2.211683318071147930e+00 2.356781950806657200e+00 3.547804048861254778e+00 3.674135271897298605e+00 4.550541917359815614e+00 4.577871787688953198e+00
2.900000000000000000e+01 -4.564103015600086799e+00 -4.534059881241969236e+00 -3.678118307781574003e+00 -3.540365091416346921e+00 -2.413800454451557442e+00 -2.259513367677641771e+00 2.259513367677642659e+00 2.413800454451559219e+00 3.540365091416345145e+00 3.678118307781571339e+00 4.534059881241971013e+00 4.564103015600089464e+00
3.000000000000000000e+01 -4.550026594507446731e+00 -4.517184256255608155e+00 -3.682264392542883069e+00 -3.532883703082252413e+00 -2.469728415184400561e+00 -2.306413461078862692e+00 2.306413461078863136e+00 2.469728415184401005e+00 3.532883703082255522e+00 3.682264392542883513e+00 4.517184256255604602e+00 4.550026594507445843e+00
3.100000000000000000e+01 -4.535673973526742841e+00 -4.499975603047268180e+00 -3.686516660131317291e+00 -3.525431730945037145e+00 -2.524404108427031446e+00 -2.352326055817701711e+00 2.352326055817700823e+00 2.524404108427029225e+00 3.525431730945038922e+00 3.686516660131316403e+00 4.499975603047267292e+00 4.535673973526739289e+00
3.200000000000000000e+01 -4.521080255533345138e+00 -4.482506446978660186e+00 -3.690805301150897666e+00 -3.518098921746287910e+00 -2.577649870844002766e+00 -2.397197893086666198e+00 2.397197893086667975e+00 2.577649870844002766e+00 3.518098921746288354e+00 3.690805301150898110e+00 4.482506446978662851e+00 4.521080255533345138e+00
3.300000000000000000e+01 -4.506284563283470490e+00 -4.464863119699895577e+00 -3.695045904034098605e+00 -3.510997461963096367e+00 -2.629266781898089711e+00 -2.440979443382410796e+00 2.440979443382412128e+00 2.629266781898088379e+00 3.510997461963097255e+00 3.695045904034093720e+00 4.464863119699895577e+00 4.506284563283468714e+00
3.400000000000000000e+01 -4.491330453298719938e+00 -4.447147735172165994e+00 -3.699137724104137881e+00 -3.504267411748994920e+00 -2.679028457064263513e+00 -2.483624353077037661e+00 2.483624353077038105e+00 2.679028457064268398e+00 3.504267411748997585e+00 3.699137724104133440e+00 4.447147735172168659e+00 4.491330453298712833e+00
3.500000000000000000e+01 -4.476266385561062933e+00 -4.429480200083323993e+00 -3.702961995780109206e+00 -3.498082880166667241e+00 -2.726674089560545244e+00 -2.525088869045573059e+00 2.525088869045573947e+00 2.726674089560542580e+00 3.498082880166670794e+00 3.702961995780107873e+00 4.429480200083321328e+00 4.476266385561063821e+00
3.600000000000000000e+01 -4.461146257616124267e+00 -4.412000078686800109e+00 -3.706380487245456212e+00 -3.492658392510298970e+00 -2.771901274540673921e+00 -2.565331215233038531e+00 2.565331215233039419e+00 2.771901274540669480e+00 3.492658392510300303e+00 3.706380487245457100e+00 4.412000078686796556e+00 4.461146257616127819e+00
3.700000000000000000e+01 -4.446030011719782848e+00 -4.394868020577300527e+00 -3.709234613675757686e+00 -3.488254164475409258e+00 -2.814359886579743453e+00 -2.604310890561813085e+00 2.604310890561813085e+00 2.814359886579742120e+00 3.488254164475410590e+00 3.709234613675756354e+00 4.394868020577298751e+00 4.446030011719785513e+00
3.800000000000000000e+01 -4.430984322728220626e+00 -4.378266319042118937e+00 -3.711345572670246895e+00 -3.485177801790646512e+00 -2.853649479133056666e+00 -2.641987851576201418e+00 2.641987851576202750e+00 2.853649479133055333e+00 3.485177801790652286e+00 3.711345572670242454e+00 4.378266319042121602e+00 4.430984322728216185e+00
3.900000000000000000e+01 -4.416083371784830014e+00 -4.362398015586532729e+00 -3.712516126062772592e+00 -3.483778343733423544e+00 -2.889324278158449388e+00 -2.678321535310294710e+00 2.678321535310295154e+00 2.889324278158448500e+00 3.483778343733422211e+00 3.712516126062772592e+00 4.362398015586531841e+00 4.416083371784831790e+00
4.000000000000000000e+01 -4.401409705349660584e+00 -4.347483848959622144e+00 -3.712534780368282217e+00 -3.484427161395265760e+00 -2.920911255739555568e+00 -2.713269667562066445e+00 2.713269667562069998e+00 2.920911255739552903e+00 3.484427161395267980e+00 3.712534780368278220e+00 4.347483848959622144e+00 4.401409705349660584e+00
4.100000000000000000e+01 -4.387055169014703715e+00 -4.333756347191610736e+00 -3.711183131638303045e+00 -3.487480596364825658e+00 -2.947946405355650334e+00 -2.746786788498306375e+00 2.746786788498305487e+00 2.947946405355650334e+00 3.487480596364830543e+00 3.711183131638299493e+00 4.333756347191612512e+00 4.387055169014701939e+00
4.200000000000000000e+01 -4.373121888356682696e+00 -4.321450590723827645e+00 -3.708246928078889226e+00 -3.493223795760366013e+00 -2.970029787816990119e+00 -2.778822410759127948e+00 2.778822410759129724e+00 2.970029787816988343e+00 3.493223795760368233e+00 3.708246928078887894e+00 4.321450590723827645e+00 4.373121888356680920e+00
4.300000000000000000e+01 -4.359723241407317040e+00 -4.310791731223139855e+00 -3.703530868145722632e+00 -3.501805088353557860e+00 -2.986890056138568728e+00 -2.809318704713914983e+00 2.809318704713918091e+00 2.986890056138566951e+00 3.501805088353561857e+00 3.703530868145719523e+00 4.310791731223138079e+00 4.359723241407310823e+00
4.400000000000000000e+01 -4.346984724981739490e+00 -4.301980229129721778e+00 -3.696876297369078745e+00 -3.513181398347657858e+00 -2.998438058493167802e+00 -2.838207581849602867e+00 2.838207581849604644e+00 2.998438058493165581e+00 3.513181398347659634e+00 3.696876297369078745e+00 4.301980229129718225e+00 4.346984724981737713e+00
4.500000000000000000e+01 -4.335044555761022878e+00 -4.295176768385629451e+00 -3.688179996169296704e+00 -3.527097820334871958e+00 -3.004786553082614553e+00 -2.865407023165721156e+00 2.865407023165723821e+00 3.004786553082611888e+00 3.527097820334874179e+00 3.688179996169293151e+00 4.295176768385628563e+00 4.335044555761021989e+00
4.600000000000000000e+01 -4.324053763975419074e+00 -4.290489503194905296e+00 -3.677411572051659583e+00 -3.543111849041167272e+00 -3.006225782019970261e+00 -2.890816482200554205e+00 2.890816482200554205e+00 3.006225782019969373e+00 3.543111849041171268e+00 3.677411572051654698e+00 4.290489503194906185e+00 4.324053763975417297e+00
4.700000000000000000e+01 -4.314175435468027509e+00 -4.287966234519227982e+00 -3.664627020914434929e+00 -3.560651956546446062e+00 -3.003165554569338536e+00 -2.914311198381594803e+00 2.914311198381594803e+00 3.003165554569336759e+00 3.560651956546446950e+00 3.664627020914431821e+00 4.287966234519227982e+00 4.314175435468027509e+00
4.800000000000000000e+01 -4.305582651349584289e+00 -4.287593124626576824e+00 -3.649976948860537362e+00 -3.579087319221806673e+00 -2.996067487356115056e+00 -2.935735319379266350e+00 2.935735319379267239e+00 2.996067487356113723e+00 3.579087319221808450e+00 3.649976948860533810e+00 4.287593124626577712e+00 4.305582651349585177e+00
4.900000000000000000e+01 -4.298454598496961765e+00 -4.289299949834648906e+00 -3.633709371549946887e+00 -3.597788201260317287e+00 -2.985388420723132707e+00 -2.954893913918740456e+00 2.954893913918743564e+00 2.985388420723133596e+00 3.597788201260319507e+00 3.633709371549946887e+00 4.289299949834647130e+00 4.298454598496962653e+00
5.000000000000000000e+01 -4.292970341970512749e+00 -4.292970341970511861e+00 -3.616168149352473993e+00 -3.616168149352472660e+00 -2.971544365142649635e+00 -2.971544365142647859e+00 2.971544365142648303e+00 2.971544365142650079e+00 3.616168149352470440e+00 3.616168149352473993e+00 4.292970341970511861e+00 4.292970341970514525e+00
5.100000000000000000e+01 -4.298454598496964429e+00 -4.289299949834645354e+00 -3.633709371549946887e+00 -3.597788201260319063e+00 -2.985388420723132707e+00 -2.954893913918744008e+00 2.954893913918743120e+00 2.985388420723133596e+00 3.597788201260318175e+00 3.633709371549946887e+00 4.289299949834647130e+00 4.298454598496963541e+00
5.200000000000000000e+01 -4.305582651349586953e+00 -4.287593124626579488e+00 -3.649976948860533810e+00 -3.579087319221807562e+00 -2.996067487356113279e+00 -2.935735319379266794e+00 2.935735319379266794e+00 2.996067487356115944e+00 3.579087319221805785e+00 3.649976948860535586e+00 4.287593124626576824e+00 4.305582651349580736e+00
5.300000000000000000e+01 -4.314175435468028397e+00 -4.287966234519229758e+00 -3.664627020914430044e+00 -3.560651956546446950e+00 -3.003165554569337647e+00 -2.914311198381597023e+00 2.914311198381594359e+00 3.003165554569338536e+00 3.560651956546446062e+00 3.664627020914431821e+00 4.287966234519226205e+00 4.314175435468027509e+00
5.400000000000000000e+01 -4.324053763975419074e+00 -4.290489503194906185e+00 -3.677411572051654698e+00 -3.543111849041167716e+00 -3.006225782019968484e+00 -2.890816482200554205e+00 2.890816482200552873e+00 3.006225782019968928e+00 3.543111849041167272e+00 3.677411572051656918e+00 4.290489503194905296e+00 4.324053763975419074e+00
5.500000000000000000e+01 -4.335044555761025542e+00 -4.295176768385629451e+00 -3.688179996169293151e+00 -3.527097820334873290e+00 -3.004786553082612777e+00 -2.865407023165722933e+00 2.865407023165722489e+00 3.004786553082613221e+00 3.527097820334871514e+00 3.688179996169294483e+00 4.295176768385629451e+00 4.335044555761022878e+00
5.600000000000000000e+01 -4.346984724981741266e+00 -4.301980229129717337e+00 -3.696876297369077857e+00 -3.513181398347657858e+00 -2.998438058493165137e+00 -2.838207581849603756e+00 2.838207581849604200e+00 2.998438058493167802e+00 3.513181398347658302e+00 3.696876297369077857e+00 4.301980229129716449e+00 4.346984724981739490e+00
5.700000000000000000e+01 -4.359723241407317929e+00 -4.310791731223133638e+00 -3.703530868145720412e+00 -3.501805088353559192e+00 -2.986890056138567395e+00 -2.809318704713917647e+00 2.809318704713916315e+00 2.986890056138567395e+00 3.501805088353556972e+00 3.703530868145722188e+00 4.310791731223134526e+00 4.359723241407315264e+00
5.800000000000000000e+01 -4.373121888356684472e+00 -4.321450590723825869e+00 -3.708246928078887450e+00 -3.493223795760366457e+00 -2.970029787816989675e+00 -2.778822410759129280e+00 2.778822410759128392e+00 2.970029787816990563e+00 3.493223795760363348e+00 3.708246928078888338e+00 4.321450590723824092e+00 4.373121888356680920e+00
5.900000000000000000e+01 -4.387055169014703715e+00 -4.333756347191612512e+00 -3.711183131638303934e+00 -3.487480596364827878e+00 -2.947946405355650779e+00 -2.746786788498306375e+00 2.746786788498307263e+00 2.947946405355649890e+00 3.487480596364829211e+00 3.711183131638303934e+00 4.333756347191611624e+00 4.387055169014702827e+00
6.000000000000000000e+01 -4.401409705349662360e+00 -4.347483848959619479e+00 -3.712534780368280884e+00 -3.484427161395267980e+00 -2.920911255739554235e+00 -2.713269667562069110e+00 2.713269667562066889e+00 2.920911255739554679e+00 3.484427161395266648e+00 3.712534780368280884e+00 4.347483848959624808e+00 4.401409705349660584e+00
6.100000000000000000e+01 -4.416083371784834455e+00 -4.362398015586530953e+00 -3.712516126062772592e+00 -3.483778343733422656e+00 -2.889324278158450721e+00 -2.678321535310296930e+00 2.678321535310295154e+00 2.889324278158449388e+00 3.483778343733422656e+00 3.712516126062772148e+00 4.362398015586532729e+00 4.416083371784831790e+00
6.200000000000000000e+01 -4.430984322728217961e+00 -4.378266319042118937e+00 -3.711345572670244675e+00 -3.485177801790647845e+00 -2.853649479133054889e+00 -2.641987851576202750e+00 2.641987851576201418e+00 2.853649479133054889e+00 3.485177801790646956e+00 3.711345572670244675e+00 4.378266319042121602e+00 4.430984322728215297e+00
6.300000000000000000e+01 -4.446030011719789066e+00 -4.394868020577298751e+00 -3.709234613675755909e+00 -3.488254164475408814e+00 -2.814359886579744341e+00 -2.604310890561813085e+00 2.604310890561813974e+00 2.814359886579742565e+00 3.488254164475408370e+00 3.709234613675753689e+00 4.394868020577300527e+00 4.446030011719788178e+00
6.400000000000000000e+01 -4.461146257616129596e+00 -4.412000078686795668e+00 -3.706380487245457100e+00 -3.492658392510297194e+00 -2.771901274540670368e+00 -2.565331215233038531e+00 2.565331215233039419e+00 2.771901274540672588e+00 3.492658392510300747e+00 3.706380487245453548e+00 4.412000078686798332e+00 4.461146257616123378e+00
6.500000000000000000e+01 -4.476266385561065597e+00 -4.429480200083323105e+00 -3.702961995780109650e+00 -3.498082880166665909e+00 -2.726674089560545244e+00 -2.525088869045574835e+00 2.525088869045573947e+00 2.726674089560539915e+00 3.498082880166672126e+00 3.702961995780107429e+00 4.429480200083327546e+00 4.476266385561061156e+00
6.600000000000000000e+01 -4.491330453298714609e+00 -4.447147735172167771e+00 -3.699137724104140545e+00 -3.504267411748996253e+00 -2.679028457064269730e+00 -2.483624353077037661e+00 2.483624353077040325e+00 2.679028457064267954e+00 3.504267411748996253e+00 3.699137724104136993e+00 4.447147735172168659e+00 4.491330453298713721e+00
6.700000000000000000e+01 -4.506284563283470490e+00 -4.464863119699892913e+00 -3.695045904034096385e+00 -3.510997461963094590e+00 -2.629266781898089711e+00 -2.440979443382413017e+00 2.440979443382411684e+00 2.629266781898092376e+00 3.510997461963097699e+00 3.695045904034096385e+00 4.464863119699896465e+00 4.506284563283467826e+00
6.800000000000000000e+01 -4.521080255533346026e+00 -4.482506446978658410e+00 -3.690805301150901663e+00 -3.518098921746285690e+00 -2.577649870844004099e+00 -2.397197893086666198e+00 2.397197893086667975e+00 2.577649870844005875e+00 3.518098921746287022e+00 3.690805301150895446e+00 4.482506446978660186e+00 4.521080255533338921e+00
6.900000000000000000e+01 -4.535673973526739289e+00 -4.499975603047266404e+00 -3.686516660131316847e+00 -3.525431730945036701e+00 -2.524404108427030113e+00 -2.352326055817699935e+00 2.352326055817700823e+00 2.524404108427026117e+00 3.525431730945037589e+00 3.686516660131316403e+00 4.499975603047269956e+00 4.535673973526741065e+00
7.000000000000000000e+01 -4.550026594507447619e+00 -4.517184256255601937e+00 -3.682264392542881737e+00 -3.532883703082252413e+00 -2.469728415184401449e+00 -2.306413461078861360e+00 2.306413461078860028e+00 2.469728415184401449e+00 3.532883703082252413e+00 3.682264392542881293e+00 4.517184256255605490e+00 4.550026594507445843e+00
7.100000000000000000e+01 -4.564103015600093016e+00 -4.534059881241966572e+00 -3.678118307781567342e+00 -3.540365091416344701e+00 -2.413800454451560995e+00 -2.259513367677643547e+00 2.259513367677640883e+00 2.413800454451557886e+00 3.540365091416342480e+00 3.678118307781571783e+00 4.534059881241969236e+00 4.564103015600092128e+00
7.200000000000000000e+01 -4.577871787688954974e+00 -4.550541917359814725e+00 -3.674135271897302157e+00 -3.547804048861253889e+00 -2.356781950806657200e+00 -2.211683318071151039e+00 2.211683318071149706e+00 2.356781950806654091e+00 3.547804048861255222e+00 3.674135271897303490e+00 4.550541917359815614e+00 4.577871787688957639e+00
7.300000000000000000e+01 -4.591304789801288422e+00 -4.566580108498869528e+00 -3.670360735444720746e+00 -3.555142946073356125e+00 -2.298823171920555630e+00 -2.162985714237243062e+00 2.162985714237244839e+00 2.298823171920553854e+00 3.555142946073359234e+00 3.670360735444726075e+00 4.566580108498873081e+00 4.591304789801286645e+00
7.400000000000000000e+01 -4.604376937601469599e+00 -4.582133038250327139e+00 -3.666830107080320200e+00 -3.562335437839259100e+00 -2.240066700115727727e+00 -2.113488434260577087e+00 2.113488434260578863e+00 2.240066700115730391e+00 3.562335437839260432e+00 3.666830107080311318e+00 4.582133038250332469e+00 4.604376937601467823e+00
7.500000000000000000e+01 -4.617065920457525507e+00 -4.597166855324947399e+00 -3.663569970699606326e+00 -3.569344150492431922e+00 -2.180650637835018557e+00 -2.063265508092679390e+00 2.063265508092679390e+00 2.180650637835022554e+00 3.569344150492431034e+00 3.663569970699605438e+00 4.597166855324945622e+00 4.617065920457521955e+00
7.600000000000000000e+01 -4.629351962342090232e+00 -4.611654174212688417e+00 -3.660599155412008976e+00 -3.576138870895694488e+00 -2.120711384005242728e+00 -2.012397870771263531e+00 2.012397870771263975e+00 2.120711384005240063e+00 3.576138870895695376e+00 3.660599155412004535e+00 4.611654174212692858e+00 4.629351962342091120e+00
7.700000000000000000e+01 -4.641217602557440536e+00 -4.625573131810639005e+00 -3.657929673133721860e+00 -3.582695134464822129e+00 -2.060386101961710015e+00 -1.960974211621164809e+00 1.960974211621162810e+00 2.060386101961713567e+00 3.582695134464822129e+00 3.657929673133718307e+00 4.625573131810644334e+00 4.641217602557439648e+00
7.800000000000000000e+01 -4.652647492924217865e+00 -4.638906579806517883e+00 -3.655567540447671071e+00 -3.588993128199941651e+00 -1.999814981598792230e+00 -1.909091938425318213e+00 1.909091938425318880e+00 1.999814981598787345e+00 3.588993128199944316e+00 3.655567540447677732e+00 4.638906579806511665e+00 4.652647492924218753e+00
7.900000000000000000e+01 -4.663628208649001294e+00 -4.651641393486984910e+00 -3.653513501193830670e+00 -3.595016841555470410e+00 -1.939143381644632402e+00 -1.856858275998250374e+00 1.856858275998248153e+00 1.939143381644629960e+00 3.595016841555468634e+00 3.653513501193829782e+00 4.651641393486986686e+00 4.663628208649001294e+00
8.000000000000000000e+01 -4.674148070592968551e+00 -4.663767879413732942e+00 -3.651763664991938718e+00 -3.600753412175576873e+00 -1.878523923049611133e+00 -1.804391518652513016e+00 1.804391518652509463e+00 1.878523923049611577e+00 3.600753412175575985e+00 3.651763664991938274e+00 4.663767879413734718e+00 4.674148070592968551e+00
8.100000000000000000e+01 -4.684196977110417492e+00 -4.675279266526396249e+00 -3.650310075152865430e+00 -3.606192624976300998e+00 -1.818118590868353479e+00 -1.751822455185138461e+00 1.751822455185136684e+00 1.818118590868351925e+00 3.606192624976300998e+00 3.650310075152862321e+00 4.675279266526395361e+00 4.684196977110417492e+00
8.200000000000000000e+01 -4.693766244018582334e+00 -4.686171267381337380e+00 -3.649141217547176907e+00 -3.611326532076321705e+00 -1.758100888457641453e+00 -1.699295982438061348e+00 1.699295982438062014e+00 1.758100888457643673e+00 3.611326532076320817e+00 3.649141217547177352e+00 4.686171267381337380e+00 4.693766244018577893e+00
8.300000000000000000e+01 -4.702848451605817104e+00 -4.696441698256571762e+00 -3.648242480161937529e+00 -3.616149168084170640e+00 -1.698658072536131991e+00 -1.646972918058479118e+00 1.646972918058481117e+00 1.698658072536132435e+00 3.616149168084171972e+00 3.648242480161932200e+00 4.696441698256576203e+00 4.702848451605818880e+00
8.400000000000000000e+01 -4.711437297888984688e+00 -4.706090148673435003e+00 -3.647596571383775022e+00 -3.620656340647768090e+00 -1.639993478353881429e+00 -1.595032013172086094e+00 1.595032013172087648e+00 1.639993478353875878e+00 3.620656340647767202e+00 3.647596571383775466e+00 4.706090148673433227e+00 4.711437297888982911e+00
8.500000000000000000e+01 -4.719527457597090248e+00 -4.715117692481316070e+00 -3.647183903541197925e+00 -3.624845480315920909e+00 -1.582328917991062234e+00 -1.543672149029712060e+00 1.543672149029712726e+00 1.582328917991064454e+00 3.624845480315920909e+00 3.647183903541198813e+00 4.715117692481316070e+00 4.719527457597089359e+00
8.600000000000000000e+01 -4.727114446590356955e+00 -4.723526634027603421e+00 -3.646982946930794611e+00 -3.628715536939478348e+00 -1.525907098084867686e+00 -1.493114675302215089e+00 1.493114675302215311e+00 1.525907098084868130e+00 3.628715536939479236e+00 3.646982946930792835e+00 4.723526634027606086e+00 4.727114446590355179e+00
8.700000000000000000e+01 -4.734194491624256429e+00 -4.731320284107431107e+00 -3.646970558435544074e+00 -3.632266912280780247e+00 -1.470993951970155145e+00 -1.443605807831859433e+00 1.443605807831859433e+00 1.470993951970152258e+00 3.632266912280782911e+00 3.646970558435542742e+00 4.731320284107435548e+00 4.734194491624255541e+00
8.800000000000000000e+01 -4.740764405538428150e+00 -4.738502761380693151e+00 -3.647122287902774929e+00 -3.635501420381550997e+00 -1.417880711153054252e+00 -1.395418946032580543e+00 1.395418946032580987e+00 1.417880711153053142e+00 3.635501420381549664e+00 3.647122287902774929e+00 4.738502761380691375e+00 4.740764405538428150e+00
8.900000000000000000e+01 -4.746821468092538687e+00 -4.745078815779645964e+00 -3.647412664667457172e+00 -3.638422268698436213e+00 -1.366885449154019883e+00 -1.348856690711272899e+00 1.348856690711273565e+00 1.366885449154017662e+00 3.638422268698437545e+00 3.647412664667454951e+00 4.745078815779648629e+00 4.746821468092538687e+00
9.000000000000000000e+01 -4.752363312785408134e+00 -4.751053671131938216e+00 -3.647815465964421300e+00 -3.641034054155976474e+00 -1.318353717344742604e+00 -1.304252239623692411e+00 1.304252239623690857e+00 1.318353717344742826e+00 3.641034054155976918e+00 3.647815465964419523e+00 4.751053671131938216e+00 4.752363312785407246e+00
9.100000000000000000e+01 -4.757387820081907748e+00 -4.756432884810150696e+00 -3.648303968453690427e+00 -3.643342769168923301e+00 -1.272657764845663619e+00 -1.261969713108344715e+00 1.261969713108342939e+00 1.272657764845662731e+00 3.643342769168922857e+00 3.648303968453690427e+00 4.756432884810155137e+00 4.757387820081905083e+00
9.200000000000000000e+01 -4.761893017534506889e+00 -4.761222222707457874e+00 -3.648851183669597376e+00 -3.645355813409604462e+00 -1.230193712622581925e+00 -1.222402827552689253e+00 1.222402827552690585e+00 1.230193712622580815e+00 3.645355813409608015e+00 3.648851183669598708e+00 4.761222222707459650e+00 4.761893017534505113e+00
9.300000000000000000e+01 -4.765876987324673131e+00 -4.765427548242952227e+00 -3.649430077883977219e+00 -3.647082007687147964e+00 -1.191375973628195473e+00 -1.185971217495463303e+00 1.185971217495462415e+00 1.191375973628194807e+00 3.647082007687150629e+00 3.649430077883978996e+00 4.765427548242952227e+00 4.765876987324672243e+00
9.400000000000000000e+01 -4.769337781764820150e+00 -4.769054724431907921e+00 -3.650013776632905493e+00 -3.648531606798242954e+00 -1.156628235724085574e+00 -1.153113656069100212e+00 1.153113656069103543e+00 1.156628235724083797e+00 3.648531606798244287e+00 3.650013776632905937e+00 4.769054724431908809e+00 4.769337781764821038e+00
9.500000000000000000e+01 -4.772273347296097867e+00 -4.772109528325104932e+00 -3.650575753985754623e+00 -3.649716308629440853e+00 -1.126370528099608803e+00 -1.124277508197986331e+00 1.124277508197984776e+00 1.126370528099607915e+00 3.649716308629443962e+00 3.650575753985756844e+00 4.772109528325104044e+00 4.772273347296092538e+00
9.600000000000000000e+01 -4.774681457493599623e+00 -4.774597577334890985e+00 -3.651090006525456566e+00 -3.650649257157569494e+00 -1.101002345694311657e+00 -1.099904051861095411e+00 1.099904051861096521e+00 1.101002345694313211e+00 3.650649257157574823e+00 3.651090006525459231e+00 4.774597577334890097e+00 4.774681457493599623e+00
9.700000000000000000e+01 -4.776559655551013250e+00 -4.776524267130938028e+00 -3.651531211952105949e+00 -3.651345037321254150e+00 -1.080882532552231767e+00 -1.080409879366853954e+00 1.080409879366852621e+00 1.080882532552228881e+00 3.651345037321251041e+00 3.651531211952105060e+00 4.776524267130938028e+00 4.776559655551010586e+00
9.800000000000000000e+01 -4.777905206664623705e+00 -4.777894720910928150e+00 -3.651874872212436340e+00 -3.651819660032817438e+00 -1.066307543491008536e+00 -1.066165430022870897e+00 1.066165430022871785e+00 1.066307543491009202e+00 3.651819660032818771e+00 3.651874872212435008e+00 4.777894720910929927e+00 4.777905206664623705e+00
9.900000000000000000e+01 -4.778715060676083759e+00 -4.778713749935497468e+00 -3.652097441089081187e+00 -3.652090535871639787e+00 -1.057490592487319025e+00 -1.057472667969634017e+00 1.057472667969632463e+00 1.057490592487317693e+00 3.652090535871642007e+00 3.652097441089076746e+00 4.778713749935497468e+00 4.778715060676079318e+00
1.000000000000000000e+02 -4.778985825267401566e+00 -4.778985825267395349e+00 -3.652176436251625802e+00 -3.652176436251625802e+00 -1.054544721920849248e+00 -1.054544721920849026e+00 1.054544721920849470e+00 1.054544721920850581e+00 3.652176436251619585e+00 3.652176436251624025e+00 4.778985825267396237e+00 4.778985825267399790e+00
1.010000000000000000e+02 -4.778918055047428837e+00 -4.778917891204201851e+00 -3.652156246225663150e+00 -3.652155382958078622e+00 -1.055280953870414207e+00 -1.055278708215469763e+00 1.055278708215469097e+00 1.055280953870412208e+00 3.652155382958078178e+00 3.652156246225664038e+00 4.778917891204201851e+00 4.778918055047428837e+00
1.020000000000000000e+02 -4.778715060676077542e+00 -4.778713749935491251e+00 -3.652097441089082963e+00 -3.652090535871640675e+00 -1.057490592487317693e+00 -1.057472667969634017e+00 1.057472667969633129e+00 1.057490592487318359e+00 3.652090535871641119e+00 3.652097441089082075e+00 4.778713749935493027e+00 4.778715060676083759e+00
1.030000000000000000e+02 -4.778377299567727832e+00 -4.778372875848062584e+00 -3.652002724361389063e+00 -3.651979424447235001e+00 -1.061169742256477866e+00 -1.061109474138916431e+00 1.061109474138915987e+00 1.061169742256477422e+00 3.651979424447236777e+00 3.652002724361388619e+00 4.778372875848059920e+00 4.778377299567726944e+00
1.040000000000000000e+02 -4.777905206664622817e+00 -4.777894720910930815e+00 -3.651874872212437673e+00 -3.651819660032821879e+00 -1.066307543491009868e+00 -1.066165430022871341e+00 1.066165430022870231e+00 1.066307543491009646e+00 3.651819660032824100e+00 3.651874872212434564e+00 4.777894720910930815e+00 4.777905206664621041e+00
1.050000000000000000e+02 -4.777299194853294573e+00 -4.777278715122342589e+00 -3.651716730564140256e+00 -3.651608937610748562e+00 -1.072886433001359219e+00 -1.072610705829463162e+00 1.072610705829461608e+00 1.072886433001358553e+00 3.651608937610746342e+00 3.651716730564140700e+00 4.777278715122341701e+00 4.777299194853291908e+00
1.060000000000000000e+02 -4.776559655551012362e+00 -4.776524267130937140e+00 -3.651531211952105060e+00 -3.651345037321249265e+00 -1.080882532552229769e+00 -1.080409879366854176e+00 1.080409879366852621e+00 1.080882532552230213e+00 3.651345037321249709e+00 3.651531211952107281e+00 4.776524267130937140e+00 4.776559655551007033e+00
1.070000000000000000e+02 -4.775686959460825776e+00 -4.775630765031413816e+00 -3.651321292145677688e+00 -3.651025825774396161e+00 -1.090266146459643481e+00 -1.089522557343747922e+00 1.089522557343746811e+00 1.090266146459641261e+00 3.651025825774396161e+00 3.651321292145676356e+00 4.775630765031415592e+00 4.775686959460831105e+00
1.080000000000000000e+02 -4.774681457493598735e+00 -4.774597577334887433e+00 -3.651090006525457898e+00 -3.650649257157572158e+00 -1.101002345694312101e+00 -1.099904051861096521e+00 1.099904051861096077e+00 1.101002345694312767e+00 3.650649257157569050e+00 3.651090006525459675e+00 4.774597577334888321e+00 4.774681457493599623e+00
1.090000000000000000e+02 -4.773543481855116788e+00 -4.773424054114292048e+00 -3.650840446217749502e+00 -3.650213374146612288e+00 -1.113051613628604608e+00 -1.111506086544371552e+00 1.111506086544369554e+00 1.113051613628603498e+00 3.650213374146615841e+00 3.650840446217752167e+00 4.773424054114288495e+00 4.773543481855119452e+00
1.100000000000000000e+02 -4.772273347296094315e+00 -4.772109528325103156e+00 -3.650575753985760397e+00 -3.649716308629442629e+00 -1.126370528099607915e+00 -1.124277508197984554e+00 1.124277508197984332e+00 1.126370528099608803e+00 3.649716308629443517e+00 3.650575753985758620e+00 4.772109528325104932e+00 4.772273347296094315e+00
1.110000000000000000e+02 -4.770871352522692455e+00 -4.770653317301985830e+00 -3.650299119877786325e+00 -3.649156282252141725e+00 -1.140912455587849150e+00 -1.138164982536571390e+00 1.138164982536570724e+00 1.140912455587849372e+00 3.649156282252139061e+00 3.650299119877788101e+00 4.770653317301984941e+00 4.770871352522694231e+00
1.120000000000000000e+02 -4.769337781764820150e+00 -4.769054724431905257e+00 -3.650013776632905937e+00 -3.648531606798241622e+00 -1.156628235724085130e+00 -1.153113656069105764e+00 1.153113656069102877e+00 1.156628235724086906e+00 3.648531606798240734e+00 3.650013776632906826e+00 4.769054724431909698e+00 4.769337781764821926e+00
1.130000000000000000e+02 -4.767672906499290875e+00 -4.767313041004799246e+00 -3.649722994844698754e+00 -3.647840684413244716e+00 -1.173466837655351425e+00 -1.169067770179365251e+00 1.169067770179366361e+00 1.173466837655354089e+00 3.647840684413243828e+00 3.649722994844699642e+00 4.767313041004801022e+00 4.767672906499292651e+00
1.140000000000000000e+02 -4.765876987324672243e+00 -4.765427548242947786e+00 -3.649430077883984325e+00 -3.647082007687148852e+00 -1.191375973628197693e+00 -1.185971217495458641e+00 1.185971217495462193e+00 1.191375973628195473e+00 3.647082007687147076e+00 3.649430077883977663e+00 4.765427548242953115e+00 4.765876987324674019e+00
1.150000000000000000e+02 -4.763950275984392135e+00 -4.763397519510833789e+00 -3.649138356581216769e+00 -3.646254159609144452e+00 -1.210302659115640056e+00 -1.203768034476305315e+00 1.203768034476302207e+00 1.210302659115640722e+00 3.646254159609144896e+00 3.649138356581216769e+00 4.763397519510834677e+00 4.763950275984395688e+00
1.160000000000000000e+02 -4.761893017534505113e+00 -4.761222222707456986e+00 -3.648851183669602261e+00 -3.645355813409604018e+00 -1.230193712622582369e+00 -1.222402827552686366e+00 1.222402827552687699e+00 1.230193712622581259e+00 3.645355813409605794e+00 3.648851183669598264e+00 4.761222222707458762e+00 4.761893017534505113e+00
1.170000000000000000e+02 -4.759705452652314150e+00 -4.758900922844035541e+00 -3.648571927989329833e+00 -3.644385732305794434e+00 -1.250996191730177065e+00 -1.241821133017159129e+00 1.241821133017159129e+00 1.250996191730176621e+00 3.644385732305793990e+00 3.648571927989328501e+00 4.758900922844037318e+00 4.759705452652315927e+00
1.180000000000000000e+02 -4.757387820081906860e+00 -4.756432884810153361e+00 -3.648303968453689095e+00 -3.643342769168921524e+00 -1.272657764845665396e+00 -1.261969713108340052e+00 1.261969713108340496e+00 1.272657764845663397e+00 3.643342769168922413e+00 3.648303968453693535e+00 4.756432884810148920e+00 4.757387820081905971e+00
1.190000000000000000e+02 -4.754940359212494805e+00 -4.753817376332634126e+00 -3.648050687777038448e+00 -3.642225866131587608e+00 -1.295127020446505961e+00 -1.282796792389150342e+00 1.282796792389149010e+00 1.295127020446504629e+00 3.642225866131588052e+00 3.648050687777038448e+00 4.753817376332632350e+00 4.754940359212496581e+00
1.200000000000000000e+02 -4.752363312785406357e+00 -4.751053671131935552e+00 -3.647815465964423964e+00 -3.641034054155976474e+00 -1.318353717344742160e+00 -1.304252239623688858e+00 1.304252239623689080e+00 1.318353717344742382e+00 3.641034054155975141e+00 3.647815465964423964e+00 4.751053671131936440e+00 4.752363312785408134e+00
1.210000000000000000e+02 -4.749656929725469823e+00 -4.748141052281889429e+00 -3.647601673562100633e+00 -3.639766452584792145e+00 -1.342288980690787170e+00 -1.326287700989940310e+00 1.326287700989940976e+00 1.342288980690789169e+00 3.639766452584793033e+00 3.647601673562101521e+00 4.748141052281888541e+00 4.749656929725473375e+00
1.220000000000000000e+02 -4.746821468092537799e+00 -4.745078815779649517e+00 -3.647412664667451399e+00 -3.638422268698438877e+00 -1.366885449154017884e+00 -1.348856690711270234e+00 1.348856690711269790e+00 1.366885449154019438e+00 3.638422268698437989e+00 3.647412664667453175e+00 4.745078815779645964e+00 4.746821468092540464e+00
1.230000000000000000e+02 -4.743857198148908161e+00 -4.741866274333909281e+00 -3.647251769696057355e+00 -3.637000797303751476e+00 -1.392097379043769623e+00 -1.371914645137031874e+00 1.371914645137028543e+00 1.392097379043767180e+00 3.637000797303749700e+00 3.647251769696060020e+00 4.741866274333908393e+00 4.743857198148906384e+00
1.240000000000000000e+02 -4.740764405538428150e+00 -4.738502761380691375e+00 -3.647122287902777593e+00 -3.635501420381552329e+00 -1.417880711153054030e+00 -1.395418946032581875e+00 1.395418946032580099e+00 1.417880711153055362e+00 3.635501420381550108e+00 3.647122287902778481e+00 4.738502761380690487e+00 4.740764405538429038e+00
1.250000000000000000e+02 -4.737543394573256350e+00 -4.734987635337389200e+00 -3.647027479652563464e+00 -3.633923606822197616e+00 -1.444193105899121310e+00 -1.419328918423071073e+00 1.419328918423069297e+00 1.444193105899118867e+00 3.633923606822197172e+00 3.647027479652562132e+00 4.734987635337390977e+00 4.737543394573258126e+00
1.260000000000000000e+02 -4.734194491624253764e+00 -4.731320284107429330e+00 -3.646970558435546295e+00 -3.632266912280779358e+00 -1.470993951970155367e+00 -1.443605807831857657e+00 1.443605807831856325e+00 1.470993951970157587e+00 3.632266912280779803e+00 3.646970558435543630e+00 4.731320284107432883e+00 4.734194491624256429e+00
1.270000000000000000e+02 -4.730718048611354476e+00 -4.727500129849556032e+00 -3.646954682619437449e+00 -3.630530979185984997e+00 -1.498244353225588688e+00 -1.468212741209994787e+00 1.468212741209997674e+00 1.498244353225586689e+00 3.630530979185987661e+00 3.646954682619439225e+00 4.727500129849554256e+00 4.730718048611357140e+00
1.280000000000000000e+02 -4.727114446590356955e+00 -4.723526634027603421e+00 -3.646982946930796832e+00 -3.628715536939479236e+00 -1.525907098084868130e+00 -1.493114675302214200e+00 1.493114675302213534e+00 1.525907098084866576e+00 3.628715536939479680e+00 3.646982946930795944e+00 4.723526634027605198e+00 4.727114446590358732e+00
1.290000000000000000e+02 -4.723384099432943906e+00 -4.719399302758888304e+00 -3.647058373654790575e+00 -3.626820402345757532e+00 -1.553946615112510976e+00 -1.518278335661954470e+00 1.518278335661954692e+00 1.553946615112511198e+00 3.626820402345757088e+00 3.647058373654792351e+00 4.719399302758888304e+00 4.723384099432943906e+00
1.300000000000000000e+02 -4.719527457597084918e+00 -4.715117692481315181e+00 -3.647183903541197036e+00 -3.624845480315919577e+00 -1.582328917991063566e+00 -1.543672149029714058e+00 1.543672149029712282e+00 1.582328917991062456e+00 3.624845480315918245e+00 3.647183903541201477e+00 4.715117692481314293e+00 4.719527457597087583e+00
1.310000000000000000e+02 -4.715545011985336821e+00 -4.710681415962082674e+00 -3.647362386402039913e+00 -3.622790764892593440e+00 -1.611021542585521216e+00 -1.569266171334412041e+00 1.569266171334412485e+00 1.611021542585519883e+00 3.622790764892590776e+00 3.647362386402042134e+00 4.710681415962083562e+00 4.715545011985340373e+00
1.320000000000000000e+02 -4.711437297888983800e+00 -4.706090148673436779e+00 -3.647596571383773245e+00 -3.620656340647767202e+00 -1.639993478353883205e+00 -1.595032013172087870e+00 1.595032013172084095e+00 1.639993478353880985e+00 3.620656340647768090e+00 3.647596571383777686e+00 4.706090148673433227e+00 4.711437297888984688e+00
1.330000000000000000e+02 -4.707204899016575794e+00 -4.701343635563869583e+00 -3.647889096894321170e+00 -3.618442384510136556e+00 -1.669215095953685113e+00 -1.620942764260174362e+00 1.620942764260175473e+00 1.669215095953684447e+00 3.618442384510140997e+00 3.647889096894318506e+00 4.701343635563869583e+00 4.707204899016577571e+00
1.340000000000000000e+02 -4.702848451605817992e+00 -4.696441698256575314e+00 -3.648242480161931311e+00 -3.616149168084174192e+00 -1.698658072536131991e+00 -1.646972918058476454e+00 1.646972918058477342e+00 1.698658072536134434e+00 3.616149168084171084e+00 3.648242480161933976e+00 4.696441698256575314e+00 4.702848451605817992e+00
1.350000000000000000e+02 -4.698368648618467702e+00 -4.691384242710230801e+00 -3.648659106399918084e+00 -3.613777060529476781e+00 -1.728295315906298812e+00 -1.673098297485462682e+00 1.673098297485459574e+00 1.728295315906297258e+00 3.613777060529475005e+00 3.648659106399922969e+00 4.691384242710228136e+00 4.698368648618471255e+00
1.360000000000000000e+02 -4.693766244018581446e+00 -4.686171267381338268e+00 -3.649141217547179572e+00 -3.611326532076322593e+00 -1.758100888457641453e+00 -1.699295982438061348e+00 1.699295982438060681e+00 1.758100888457641009e+00 3.611326532076320817e+00 3.649141217547180016e+00 4.686171267381336492e+00 4.693766244018582334e+00
1.370000000000000000e+02 -4.689042057135068831e+00 -4.680802871931351916e+00 -3.649690900550849548e+00 -3.608798158261269595e+00 -1.788049931558043149e+00 -1.725544239639104527e+00 1.725544239639103861e+00 1.788049931558044703e+00 3.608798158261273592e+00 3.649690900550847772e+00 4.680802871931351916e+00 4.689042057135068831e+00
1.380000000000000000e+02 -4.684196977110416604e+00 -4.675279266526395361e+00 -3.650310075152864542e+00 -3.606192624976303662e+00 -1.818118590868354589e+00 -1.751822455185134242e+00 1.751822455185134020e+00 1.818118590868354367e+00 3.606192624976300998e+00 3.650310075152866318e+00 4.675279266526395361e+00 4.684196977110420157e+00
1.390000000000000000e+02 -4.679231967438207462e+00 -4.669600781782387244e+00 -3.651000481137506970e+00 -3.603510734435497298e+00 -1.848283942908830912e+00 -1.778111070044035014e+00 1.778111070044034348e+00 1.848283942908830024e+00 3.603510734435495522e+00 3.651000481137507414e+00 4.669600781782384580e+00 4.679231967438208351e+00
1.400000000000000000e+02 -4.674148070592966775e+00 -4.663767879413737383e+00 -3.651763664991935610e+00 -3.600753412175574653e+00 -1.878523923049615130e+00 -1.804391518652510129e+00 1.804391518652507687e+00 1.878523923049611355e+00 3.600753412175576873e+00 3.651763664991939606e+00 4.663767879413733830e+00 4.674148070592969439e+00
1.410000000000000000e+02 -4.668946412756892705e+00 -4.657781163649464595e+00 -3.652600965926290133e+00 -3.597921715220385952e+00 -1.908817254984028988e+00 -1.830646170684340435e+00 1.830646170684341545e+00 1.908817254984031875e+00 3.597921715220381067e+00 3.652600965926289689e+00 4.657781163649463707e+00 4.668946412756894482e+00
1.420000000000000000e+02 -4.663628208649001294e+00 -4.651641393486984910e+00 -3.653513501193828006e+00 -3.595016841555468190e+00 -1.939143381644631958e+00 -1.856858275998246155e+00 1.856858275998246599e+00 1.939143381644631070e+00 3.595016841555468190e+00 3.653513501193830226e+00 4.651641393486984910e+00 4.663628208649001294e+00
1.430000000000000000e+02 -4.658194766463348735e+00 -4.645349495860283007e+00 -3.654502150645688729e+00 -3.592040141076995763e+00 -1.969482397437607002e+00 -1.883011912726046067e+00 1.883011912726045400e+00 1.969482397437607890e+00 3.592040141076993098e+00 3.654502150645689174e+00 4.645349495860283007e+00 4.658194766463351399e+00
1.440000000000000000e+02 -4.652647492924218753e+00 -4.638906579806514330e+00 -3.655567540447675956e+00 -3.588993128199938987e+00 -1.999814981598792230e+00 -1.909091938425316659e+00 1.909091938425315105e+00 1.999814981598790453e+00 3.588993128199942984e+00 3.655567540447679509e+00 4.638906579806510777e+00 4.652647492924220529e+00
1.450000000000000000e+02 -4.646987898467306088e+00 -4.632313951722500711e+00 -3.656710025880079318e+00 -3.585877496334303416e+00 -2.030122332410576824e+00 -1.935083944193552563e+00 1.935083944193549677e+00 2.030122332410575492e+00 3.585877496334303860e+00 3.656710025880083759e+00 4.632313951722503376e+00 4.646987898467308753e+00
1.460000000000000000e+02 -4.641217602557438759e+00 -4.625573131810643446e+00 -3.657929673133718307e+00 -3.582695134464824349e+00 -2.060386101961711347e+00 -1.960974211621162144e+00 1.960974211621160368e+00 2.060386101961711347e+00 3.582695134464821241e+00 3.657929673133718751e+00 4.625573131810641669e+00 4.641217602557442312e+00
1.470000000000000000e+02 -4.635338339154655429e+00 -4.618685871821972988e+00 -3.659226240008385922e+00 -3.579448146100614458e+00 -2.090588331078578221e+00 -1.986749672447011505e+00 1.986749672447010173e+00 2.090588331078577333e+00 3.579448146100612682e+00 3.659226240008385922e+00 4.618685871821972100e+00 4.635338339154658982e+00
1.480000000000000000e+02 -4.629351962342088456e+00 -4.611654174212691082e+00 -3.660599155412006311e+00 -3.576138870895696709e+00 -2.120711384005245392e+00 -2.012397870771261754e+00 2.012397870771261310e+00 2.120711384005240507e+00 3.576138870895693600e+00 3.660599155412005867e+00 4.611654174212691082e+00 4.629351962342092008e+00
1.490000000000000000e+02 -4.623260452130680598e+00 -4.604480312839180911e+00 -3.662047497551566444e+00 -3.572769909280972378e+00 -2.150737882358867648e+00 -2.037906927674892898e+00 2.037906927674892898e+00 2.150737882358868980e+00 3.572769909280967937e+00 3.662047497551567776e+00 4.604480312839180023e+00 4.623260452130683262e+00
1.500000000000000000e+02 -4.617065920457524619e+00 -4.597166855324944734e+00 -3.663569970699608991e+00 -3.569344150492428813e+00 -2.180650637835021666e+00 -2.063265508092677614e+00 2.063265508092675393e+00 2.180650637835019445e+00 3.569344150492431034e+00 3.663569970699608547e+00 4.597166855324945622e+00 4.617065920457524619e+00
1.510000000000000000e+02 -4.610770617396449111e+00 -4.589716687241214288e+00 -3.665164880413632531e+00 -3.565864804430332935e+00 -2.210432583083260738e+00 -2.088462789785743290e+00 2.088462789785742402e+00 2.210432583083258073e+00 3.565864804430337376e+00 3.665164880413633863e+00 4.589716687241211623e+00 4.610770617396449111e+00
1.520000000000000000e+02 -4.604376937601473152e+00 -4.582133038250335133e+00 -3.666830107080312651e+00 -3.562335437839257324e+00 -2.240066700115727727e+00 -2.113488434260577531e+00 2.113488434260575755e+00 2.240066700115729947e+00 3.562335437839257768e+00 3.666830107080315759e+00 4.582133038250331580e+00 4.604376937601470487e+00
1.530000000000000000e+02 -4.597887427005779237e+00 -4.574419510367271791e+00 -3.668563077652405191e+00 -3.558760015360312945e+00 -2.269535945549873368e+00 -2.138332559482939210e+00 2.138332559482936990e+00 2.269535945549873368e+00 3.558760015360311613e+00 3.668563077652406079e+00 4.574419510367270902e+00 4.597887427005781014e+00
1.540000000000000000e+02 -4.591304789801289310e+00 -4.566580108498869528e+00 -3.670360735444727851e+00 -3.555142946073355681e+00 -2.298823171920557407e+00 -2.162985714237241730e+00 2.162985714237240398e+00 2.298823171920555630e+00 3.555142946073354349e+00 3.670360735444727407e+00 4.566580108498867752e+00 4.591304789801289310e+00
1.550000000000000000e+02 -4.584631895725968853e+00 -4.558619273422022111e+00 -3.672219507856999687e+00 -3.551489136218519249e+00 -2.327911044226918857e+00 -2.187438853984140952e+00 2.187438853984141396e+00 2.327911044226918857e+00 3.551489136218517473e+00 3.672219507857002796e+00 4.558619273422019447e+00 4.584631895725968853e+00
1.560000000000000000e+02 -4.577871787688954974e+00 -4.550541917359813837e+00 -3.674135271897304378e+00 -3.547804048861254334e+00 -2.356781950806658976e+00 -2.211683318071148374e+00 2.211683318071148374e+00 2.356781950806658088e+00 3.547804048861252557e+00 3.674135271897304378e+00 4.550541917359812061e+00 4.577871787688957639e+00
1.570000000000000000e+02 -4.571027689765911894e+00 -4.542353462307004541e+00 -3.676103317391279823e+00 -3.544093771341033428e+00 -2.385417907557008999e+00 -2.235710808152752360e+00 2.235710808152751916e+00 2.385417907557010775e+00 3.544093771341026322e+00 3.676103317391280711e+00 4.542353462307003653e+00 4.571027689765917223e+00
1.580000000000000000e+02 -4.564103015600094793e+00 -4.534059881241968348e+00 -3.678118307781574003e+00 -3.540365091416342924e+00 -2.413800454451561883e+00 -2.259513367677639550e+00 2.259513367677639106e+00 2.413800454451561883e+00 3.540365091416345145e+00 3.678118307781574003e+00 4.534059881241967460e+00 4.564103015600093016e+00
1.590000000000000000e+02 -4.557101377247446017e+00 -4.525667742338506550e+00 -3.680174238450795610e+00 -3.536625583082404489e+00 -2.441910543241101017e+00 -2.283083362300935448e+00 2.283083362300935448e+00 2.441910543241100573e+00 3.536625583082399604e+00 3.680174238450796498e+00 4.525667742338507438e+00 4.557101377247449570e+00
1.600000000000000000e+02 -4.550026594507446731e+00 -4.517184256255606378e+00 -3.682264392542881737e+00 -3.532883703082254634e+00 -2.469728415184400561e+00 -2.306413461078859140e+00 2.306413461078859140e+00 2.469728415184400117e+00 3.532883703082253302e+00 3.682264392542883069e+00 4.517184256255605490e+00 4.550026594507450284e+00
1.610000000000000000e+02 -4.542882704784278580e+00 -4.508617326532555758e+00 -3.684381294315207001e+00 -3.529148899145017282e+00 -2.497233467644440985e+00 -2.329496618301632793e+00 2.329496618301630129e+00 2.497233467644440097e+00 3.529148899145018614e+00 3.684381294315205224e+00 4.508617326532554870e+00 4.542882704784281245e+00
1.620000000000000000e+02 -4.535673973526737512e+00 -4.499975603047266404e+00 -3.686516660131315515e+00 -3.525431730945038034e+00 -2.524404108427029669e+00 -2.352326055817699046e+00 2.352326055817698158e+00 2.524404108427029225e+00 3.525431730945035813e+00 3.686516660131316403e+00 4.499975603047265515e+00 4.535673973526740177e+00
1.630000000000000000e+02 -4.528404905298432759e+00 -4.491268538402083621e+00 -3.688661347306480209e+00 -3.521744004657102245e+00 -2.551217596859367553e+00 -2.374895245698390500e+00 2.374895245698388724e+00 2.551217596859367553e+00 3.521744004657104021e+00 3.688661347306480653e+00 4.491268538402082733e+00 4.528404905298431871e+00
1.640000000000000000e+02 -4.521080255533345138e+00 -4.482506446978661074e+00 -3.690805301150893669e+00 -3.518098921746285690e+00 -2.577649870844004543e+00 -2.397197893086664866e+00 2.397197893086663534e+00 2.577649870844002322e+00 3.518098921746285690e+00 3.690805301150898554e+00 4.482506446978660186e+00 4.521080255533347803e+00
1.650000000000000000e+02 -4.513705043035376896e+00 -4.473700566245342181e+00 -3.692937500724977617e+00 -3.514511242224719112e+00 -2.603675359531144817e+00 -2.419227919066705645e+00 2.419227919066704313e+00 2.603675359531143041e+00 3.514511242224716447e+00 3.692937500724980282e+00 4.473700566245341292e+00 4.513705043035379560e+00
1.660000000000000000e+02 -4.506284563283472266e+00 -4.464863119699897354e+00 -3.695045904034095940e+00 -3.510997461963095034e+00 -2.629266781898088379e+00 -2.440979443382413017e+00 2.440979443382409020e+00 2.629266781898091043e+00 3.510997461963095034e+00 3.695045904034098605e+00 4.464863119699894689e+00 4.506284563283471378e+00
1.670000000000000000e+02 -4.498824402607034756e+00 -4.456007380580583543e+00 -3.697117393654464124e+00 -3.507576002671441984e+00 -2.654394932498988613e+00 -2.462446766822464106e+00 2.462446766822460109e+00 2.654394932498987725e+00 3.507576002671441096e+00 3.697117393654465012e+00 4.456007380580584432e+00 4.498824402607038309e+00
1.680000000000000000e+02 -4.491330453298715497e+00 -4.447147735172168659e+00 -3.699137724104137881e+00 -3.504267411748992700e+00 -2.679028457064270174e+00 -2.483624353077038549e+00 2.483624353077035440e+00 2.679028457064268842e+00 3.504267411748994032e+00 3.699137724104138325e+00 4.447147735172165994e+00 4.491330453298715497e+00
1.690000000000000000e+02 -4.483808929733148929e+00 -4.438299744164202920e+00 -3.701091472660310799e+00 -3.501094567210177200e+00 -2.703133622624196875e+00 -2.504506809856550831e+00 2.504506809856549499e+00 2.703133622624195986e+00 3.501094567210173203e+00 3.701091472660312576e+00 4.438299744164204697e+00 4.483808929733148929e+00
1.700000000000000000e+02 -4.476266385561063821e+00 -4.429480200083324881e+00 -3.702961995780108317e+00 -3.498082880166668129e+00 -2.726674089560544356e+00 -2.525088869045575724e+00 2.525088869045573059e+00 2.726674089560543468e+00 3.498082880166666353e+00 3.702961995780109650e+00 4.429480200083322217e+00 4.476266385561067374e+00
1.710000000000000000e+02 -4.468709732047008387e+00 -4.420707178317709207e+00 -3.704731393808191608e+00 -3.495260483725078249e+00 -2.749610696615331751e+00 -2.545365365645070987e+00 2.545365365645071432e+00 2.749610696615333527e+00 3.495260483725072032e+00 3.704731393808190720e+00 4.420707178317707431e+00 4.468709732047011052e+00
1.720000000000000000e+02 -4.461146257616126043e+00 -4.412000078686798332e+00 -3.706380487245456656e+00 -3.492658392510296306e+00 -2.771901274540671700e+00 -2.565331215233041195e+00 2.565331215233036311e+00 2.771901274540669924e+00 3.492658392510298082e+00 3.706380487245457545e+00 4.412000078686800109e+00 4.461146257616129596e+00
1.730000000000000000e+02 -4.453583648669677153e+00 -4.403379653895679091e+00 -3.707888808495675370e+00 -3.490310611291125742e+00 -2.793500509815969757e+00 -2.584981389647038164e+00 2.584981389647036387e+00 2.793500509815971089e+00 3.490310611291126630e+00 3.707888808495674926e+00 4.403379653895683532e+00 4.453583648669678929e+00
1.740000000000000000e+02 -4.446030011719791730e+00 -4.394868020577303191e+00 -3.709234613675756798e+00 -3.488254164475408370e+00 -2.814359886579741232e+00 -2.604310890561810865e+00 2.604310890561810421e+00 2.814359886579742565e+00 3.488254164475406593e+00 3.709234613675758574e+00 4.394868020577300527e+00 4.446030011719791730e+00
1.750000000000000000e+02 -4.438493896879991851e+00 -4.386488648007958346e+00 -3.710394919730081398e+00 -3.486529010957449159e+00 -2.834427742224251201e+00 -2.623314720600223193e+00 2.623314720600221417e+00 2.834427742224251201e+00 3.486529010957450492e+00 3.710394919730083174e+00 4.386488648007960123e+00 4.438493896879991851e+00
1.760000000000000000e+02 -4.430984322728220626e+00 -4.378266319042119825e+00 -3.711345572670244231e+00 -3.485177801790645624e+00 -2.853649479133056666e+00 -2.641987851576201862e+00 2.641987851576198754e+00 2.853649479133056222e+00 3.485177801790647401e+00 3.711345572670247339e+00 4.378266319042119825e+00 4.430984322728217961e+00
1.770000000000000000e+02 -4.423510802531550823e+00 -4.370227057432782836e+00 -3.712061353188459201e+00 -3.484245432897493000e+00 -2.871967980331953108e+00 -2.660325189423172976e+00 2.660325189423170311e+00 2.871967980331955772e+00 3.484245432897489891e+00 3.712061353188461421e+00 4.370227057432780171e+00 4.423510802531554376e+00
1.780000000000000000e+02 -4.416083371784836231e+00 -4.362398015586530065e+00 -3.712516126062773480e+00 -3.483778343733419103e+00 -2.889324278158450721e+00 -2.678321535310292489e+00 2.678321535310294266e+00 2.889324278158448944e+00 3.483778343733419991e+00 3.712516126062774369e+00 4.362398015586531841e+00 4.416083371784833567e+00
1.790000000000000000e+02 -4.408712616966316666e+00 -4.354807317069242956e+00 -3.712683039565100707e+00 -3.483823518400988029e+00 -2.905658519525922134e+00 -2.695971542390830589e+00 2.695971542390828368e+00 2.905658519525922578e+00 3.483823518400987140e+00 3.712683039565101151e+00 4.354807317069247397e+00 4.408712616966314890e+00
1.800000000000000000e+02 -4.401409705349665025e+00 -4.347483848959624808e+00 -3.712534780368283105e+00 -3.484427161395266204e+00 -2.920911255739553791e+00 -2.713269667562067777e+00 2.713269667562063336e+00 2.920911255739555568e+00 3.484427161395265760e+00 3.712534780368282217e+00 4.347483848959622144e+00 4.401409705349664137e+00
1.810000000000000000e+02 -4.394186415629603104e+00 -4.340457000568086698e+00 -3.712043888102249056e+00 -3.485633048629463104e+00 -2.935025056436836088e+00 -2.730210117543336423e+00 2.730210117543337311e+00 2.935025056436838309e+00 3.485633048629462660e+00 3.712043888102249056e+00 4.340457000568082258e+00 4.394186415629601328e+00
1.820000000000000000e+02 -4.387055169014701050e+00 -4.333756347191613401e+00 -3.711183131638303934e+00 -3.487480596364828322e+00 -2.947946405355649446e+00 -2.746786788498304599e+00 2.746786788498304599e+00 2.947946405355651223e+00 3.487480596364826102e+00 3.711183131638303934e+00 4.333756347191613401e+00 4.387055169014701939e+00
1.830000000000000000e+02 -4.380029060310663525e+00 -4.327411280493958401e+00 -3.709925946350875581e+00 -3.490002743226897852e+00 -2.959627783206433271e+00 -2.762993198339580125e+00 2.762993198339577905e+00 2.959627783206434604e+00 3.490002743226897852e+00 3.709925946350879578e+00 4.327411280493957513e+00 4.380029060310660860e+00
1.840000000000000000e+02 -4.373121888356683584e+00 -4.321450590723825869e+00 -3.708246928078890114e+00 -3.493223795760363348e+00 -2.970029787816989675e+00 -2.778822410759127504e+00 2.778822410759125283e+00 2.970029787816989675e+00 3.493223795760363792e+00 3.708246928078889226e+00 4.321450590723828533e+00 4.373121888356682696e+00
1.850000000000000000e+02 -4.366348184981242220e+00 -4.315902010124867516e+00 -3.706122375468120733e+00 -3.497157433294233897e+00 -2.979123096596540066e+00 -2.794266949928676969e+00 2.794266949928673416e+00 2.979123096596540510e+00 3.497157433294232121e+00 3.706122375468121177e+00 4.315902010124870181e+00 4.366348184981241332e+00
1.860000000000000000e+02 -4.359723241407318817e+00 -4.310791731223135415e+00 -3.703530868145723076e+00 -3.501805088353561413e+00 -2.986890056138566507e+00 -2.809318704713914983e+00 2.809318704713914983e+00 2.986890056138566063e+00 3.501805088353557860e+00 3.703530868145722632e+00 4.310791731223134526e+00 4.359723241407317929e+00
1.870000000000000000e+02 -4.353263130757249577e+00 -4.306143917740826943e+00 -3.700453864211502353e+00 -3.507154902274405739e+00 -2.993325700642623044e+00 -2.823968821150704578e+00 2.823968821150702802e+00 2.993325700642625264e+00 3.507154902274402186e+00 3.700453864211502797e+00 4.306143917740825167e+00 4.353263130757251353e+00
1.880000000000000000e+02 -4.346984724981742154e+00 -4.301980229129718225e+00 -3.696876297369079634e+00 -3.513181398347658302e+00 -2.998438058493166469e+00 -2.838207581849604644e+00 2.838207581849601979e+00 2.998438058493166469e+00 3.513181398347656081e+00 3.696876297369079634e+00 4.301980229129719113e+00 4.346984724981743042e+00
1.890000000000000000e+02 -4.340905704166726942e+00 -4.298319381581540810e+00 -3.692787152211362667e+00 -3.519845925165743683e+00 -3.002247696356781237e+00 -2.852024270940893835e+00 2.852024270940892059e+00 3.002247696356780349e+00 3.519845925165746348e+00 3.692787152211362667e+00 4.298319381581539034e+00 4.340905704166727830e+00
1.900000000000000000e+02 -4.335044555761027318e+00 -4.295176768385625010e+00 -3.688179996169296704e+00 -3.527097820334871070e+00 -3.004786553082612777e+00 -2.865407023165724709e+00 2.865407023165721156e+00 3.004786553082613221e+00 3.527097820334871958e+00 3.688179996169296260e+00 4.295176768385630339e+00 4.335044555761025542e+00
1.910000000000000000e+02 -4.329420560827936804e+00 -4.292564160399166440e+00 -3.683053448668490493e+00 -3.534876153595740700e+00 -3.006096207251053976e+00 -2.878342655789335680e+00 2.878342655789334792e+00 3.006096207251056196e+00 3.534876153595740256e+00 3.683053448668490493e+00 4.292564160399169104e+00 4.329420560827937692e+00
1.920000000000000000e+02 -4.324053763975421738e+00 -4.290489503194907961e+00 -3.677411572051654698e+00 -3.543111849041166384e+00 -3.006225782019969373e+00 -2.890816482200552429e+00 2.890816482200552429e+00 3.006225782019968928e+00 3.543111849041165939e+00 3.677411572051655142e+00 4.290489503194907073e+00 4.324053763975420850e+00
1.930000000000000000e+02 -4.318964923193342464e+00 -4.288956821504275041e+00 -3.671264174410576064e+00 -3.551729968212061550e+00 -3.005229709251580061e+00 -2.902812106423673377e+00 2.902812106423670713e+00 3.005229709251581394e+00 3.551729968212059330e+00 3.671264174410577397e+00 4.288956821504274153e+00 4.318964923193341576e+00
1.940000000000000000e+02 -4.314175435468028397e+00 -4.287966234519226205e+00 -3.664627020914430933e+00 -3.560651956546448726e+00 -3.003165554569337203e+00 -2.914311198381596135e+00 2.914311198381592583e+00 3.003165554569339424e+00 3.560651956546448282e+00 3.664627020914433597e+00 4.287966234519227093e+00 4.314175435468026620e+00
1.950000000000000000e+02 -4.309707233815046834e+00 -4.287514078280453056e+00 -3.657521956594848689e+00 -3.569797702814600626e+00 -3.000092058065728651e+00 -2.925293250711922699e+00 2.925293250711919590e+00 3.000092058065729095e+00 3.569797702814596185e+00 3.657521956594848245e+00 4.287514078280456609e+00 4.309707233815047722e+00
1.960000000000000000e+02 -4.305582651349586953e+00 -4.287593124626577712e+00 -3.649976948860535586e+00 -3.579087319221806673e+00 -2.996067487356113723e+00 -2.935735319379269015e+00 2.935735319379265462e+00 2.996067487356113723e+00 3.579087319221805785e+00 3.649976948860535142e+00 4.287593124626577712e+00 4.305582651349586953e+00
1.970000000000000000e+02 -4.301824248292928310e+00 -4.288192880753349812e+00 -3.642026061364250111e+00 -3.588442605147165843e+00 -2.991148344108494950e+00 -2.945611752403781924e+00 2.945611752403781036e+00 2.991148344108496726e+00 3.588442605147166731e+00 3.642026061364250111e+00 4.288192880753348923e+00 4.301824248292926534e+00
1.980000000000000000e+02 -4.298454598496964429e+00 -4.289299949834645354e+00 -3.633709371549945999e+00 -3.597788201260319063e+00 -2.985388420723134484e+00 -2.954893913918744897e+00 2.954893913918740456e+00 2.985388420723134040e+00 3.597788201260322172e+00 3.633709371549945999e+00 4.289299949834646242e+00 4.298454598496966206e+00
1.990000000000000000e+02 -4.295496033258015878e+00 -4.290898431582854222e+00 -3.625072841883441477e+00 -3.607052469566212505e+00 -2.978838173839174708e+00 -2.963549914669814989e+00 2.963549914669814100e+00 2.978838173839173820e+00 3.607052469566213393e+00 3.625072841883442365e+00 4.290898431582854222e+00 4.295496033258014990e+00
2.000000000000000000e+02 -4.292970341970516301e+00 -4.292970341970515413e+00 -3.616168149352473549e+00 -3.616168149352473105e+00 -2.971544365142648747e+00 -2.971544365142648747e+00 2.971544365142648747e+00 2.971544365142650523e+00 3.616168149352473105e+00 3.616168149352473549e+00 4.292970341970514525e+00 4.292970341970515413e+00
2.010000000000000000e+02 -4.292603297295800147e+00 -4.292603297295799258e+00 -3.616126558723012252e+00 -3.616126558723012252e+00 -2.972251575388010991e+00 -2.972251575388009659e+00 2.972251575388008771e+00 2.972251575388010991e+00 3.616126558723012252e+00 3.616126558723013140e+00 4.292603297295801035e+00 4.292603297295801035e+00
2.020000000000000000e+02 -4.291503208391376667e+00 -4.291503208391375779e+00 -3.616001469374788169e+00 -3.616001469374786392e+00 -2.974369927416072645e+00 -2.974369927416070425e+00 2.974369927416070425e+00 2.974369927416071313e+00 3.616001469374786392e+00 3.616001469374786836e+00 4.291503208391374891e+00 4.291503208391376667e+00
2.030000000000000000e+02 -4.289673222564925226e+00 -4.289673222564924338e+00 -3.615791924000951063e+00 -3.615791924000949731e+00 -2.977889604712695260e+00 -2.977889604712693039e+00 2.977889604712693927e+00 2.977889604712693927e+00 3.615791924000949731e+00 3.615791924000951507e+00 4.289673222564924338e+00 4.289673222564927002e+00
2.040000000000000000e+02 -4.287118625487058132e+00 -4.287118625487052803e+00 -3.615496310544336733e+00 -3.615496310544334513e+00 -2.982794310985613428e+00 -2.982794310985612984e+00 2.982794310985610764e+00 2.982794310985611652e+00 3.615496310544335845e+00 3.615496310544337621e+00 4.287118625487056356e+00 4.287118625487059020e+00
2.050000000000000000e+02 -4.283846902587635341e+00 -4.283846902587634453e+00 -3.615112336954990013e+00 -3.615112336954989569e+00 -2.989061364220974681e+00 -2.989061364220973349e+00 2.989061364220972905e+00 2.989061364220974681e+00 3.615112336954989125e+00 3.615112336954989569e+00 4.283846902587634453e+00 4.283846902587638006e+00
2.060000000000000000e+02 -4.279867827355156251e+00 -4.279867827355152698e+00 -3.614636995007208142e+00 -3.614636995007208142e+00 -2.996661822837379141e+00 -2.996661822837377365e+00 2.996661822837377809e+00 2.996661822837378253e+00 3.614636995007205922e+00 3.614636995007208586e+00 4.279867827355151810e+00 4.279867827355153587e+00
2.070000000000000000e+02 -4.275193578940868377e+00 -4.275193578940867489e+00 -3.614066512345715854e+00 -3.614066512345711857e+00 -3.005560638534875206e+00 -3.005560638534872986e+00 3.005560638534872098e+00 3.005560638534873874e+00 3.614066512345714965e+00 3.614066512345714965e+00 4.275193578940865713e+00 4.275193578940867489e+00
2.080000000000000000e+02 -4.269838892233056349e+00 -4.269838892233055461e+00 -3.613396291721219900e+00 -3.613396291721217235e+00 -3.015716829049388537e+00 -3.015716829049385872e+00 3.015716829049386760e+00 3.015716829049387204e+00 3.613396291721217679e+00 3.613396291721219455e+00 4.269838892233055461e+00 4.269838892233056349e+00
2.090000000000000000e+02 -4.263821244379465192e+00 -4.263821244379464304e+00 -3.612620836205436170e+00 -3.612620836205434394e+00 -3.027083662721798962e+00 -3.027083662721797630e+00 3.027083662721798518e+00 3.027083662721798962e+00 3.612620836205435282e+00 3.612620836205435282e+00 4.263821244379465192e+00 4.263821244379466080e+00
2.100000000000000000e+02 -4.257161082595622759e+00 -4.257161082595620982e+00 -3.611733659077785763e+00 -3.611733659077785763e+00 -3.039608845560231920e+00 -3.039608845560230588e+00 3.039608845560229256e+00 3.039608845560230144e+00 3.611733659077786207e+00 3.611733659077787095e+00 4.257161082595620094e+00 4.257161082595620982e+00
2.110000000000000000e+02 -4.249882098989086643e+00 -4.249882098989086643e+00 -3.610727177105704566e+00 -3.610727177105703234e+00 -3.053234700278927072e+00 -3.053234700278925295e+00 3.053234700278924407e+00 3.053234700278926184e+00 3.610727177105704122e+00 3.610727177105706343e+00 4.249882098989086643e+00 4.249882098989087531e+00
2.120000000000000000e+02 -4.242011559020546940e+00 -4.242011559020546940e+00 -3.609592586186920915e+00 -3.609592586186918695e+00 -3.067898325578080954e+00 -3.067898325578079621e+00 3.067898325578080065e+00 3.067898325578080510e+00 3.609592586186919583e+00 3.609592586186920471e+00 4.242011559020543388e+00 4.242011559020545164e+00
2.130000000000000000e+02 -4.233580691047361455e+00 -4.233580691047359679e+00 -3.608319718927604836e+00 -3.608319718927603503e+00 -3.083531722595679536e+00 -3.083531722595678204e+00 3.083531722595678648e+00 3.083531722595678648e+00 3.608319718927604836e+00 3.608319718927605724e+00 4.233580691047357902e+00 4.233580691047359679e+00
2.140000000000000000e+02 -4.224625145042701035e+00 -4.224625145042699259e+00 -3.606896884918606272e+00 -3.606896884918605828e+00 -3.100061873881819086e+00 -3.100061873881813757e+00 3.100061873881814645e+00 3.100061873881814645e+00 3.606896884918605828e+00 3.606896884918606272e+00 4.224625145042700147e+00 4.224625145042704588e+00
2.150000000000000000e+02 -4.215185528872963161e+00 -4.215185528872959608e+00 -3.605310696594413500e+00 -3.605310696594412168e+00 -3.117410758222502132e+00 -3.117410758222500800e+00 3.117410758222499911e+00 3.117410758222503020e+00 3.605310696594412168e+00 3.605310696594413056e+00 4.215185528872959608e+00 4.215185528872960496e+00
2.160000000000000000e+02 -4.205308030167367761e+00 -4.205308030167367761e+00 -3.603545887163110972e+00 -3.603545887163110084e+00 -3.135495281878728058e+00 -3.135495281878728058e+00 3.135495281878727170e+00 3.135495281878728058e+00 3.603545887163108752e+00 3.603545887163109196e+00 4.205308030167365985e+00 4.205308030167367761e+00
2.170000000000000000e+02 -4.195045130404045253e+00 -4.195045130404045253e+00 -3.601585133033618380e+00 -3.601585133033617048e+00 -3.154227102846913766e+00 -3.154227102846911990e+00 3.154227102846911990e+00 3.154227102846912878e+00 3.601585133033618380e+00 3.601585133033618380e+00 4.195045130404043476e+00 4.195045130404046141e+00
2.180000000000000000e+02 -4.184456414752644626e+00 -4.184456414752642850e+00 -3.599408902770205199e+00 -3.599408902770201202e+00 -3.173512318843200841e+00 -3.173512318843198621e+00 3.173512318843198177e+00 3.173512318843199509e+00 3.599408902770201646e+00 3.599408902770202534e+00 4.184456414752644626e+00 4.184456414752645514e+00
2.190000000000000000e+02 -4.173609475594325602e+00 -4.173609475594323825e+00 -3.596995369959276712e+00 -3.596995369959275823e+00 -3.193250980613998369e+00 -3.193250980613996592e+00 3.193250980613997037e+00 3.193250980613998369e+00 3.596995369959276712e+00 3.596995369959277156e+00 4.173609475594322937e+00 4.173609475594323825e+00
2.200000000000000000e+02 -4.162580898331031953e+00 -4.162580898331030177e+00 -3.594320451772937020e+00 -3.594320451772935243e+00 -3.213336377716914605e+00 -3.213336377716914161e+00 3.213336377716913717e+00 3.213336377716914161e+00 3.594320451772936131e+00 3.594320451772937464e+00 4.162580898331028401e+00 4.162580898331031953e+00
2.210000000000000000e+02 -4.151457303639427998e+00 -4.151457303639427110e+00 -3.591358073714034038e+00 -3.591358073714031818e+00 -3.233654020281658159e+00 -3.233654020281656827e+00 3.233654020281655939e+00 3.233654020281655939e+00 3.591358073714033594e+00 3.591358073714033594e+00 4.151457303639427110e+00 4.151457303639430663e+00
2.220000000000000000e+02 -4.140336399036950610e+00 -4.140336399036949722e+00 -3.588080822547395687e+00 -3.588080822547393911e+00 -3.254080200599342998e+00 -3.254080200599342110e+00 3.254080200599342554e+00 3.254080200599342998e+00 3.588080822547395687e+00 3.588080822547397020e+00 4.140336399036947945e+00 4.140336399036950610e+00
2.230000000000000000e+02 -4.129327962854643097e+00 -4.129327962854640433e+00 -3.584461247805772466e+00 -3.584461247805772022e+00 -3.274479950298221365e+00 -3.274479950298216924e+00 3.274479950298219144e+00 3.274479950298219588e+00 3.584461247805769357e+00 3.584461247805772466e+00 4.129327962854639544e+00 4.129327962854641321e+00
2.240000000000000000e+02 -4.118554644387304897e+00 -4.118554644387301344e+00 -3.580474231026945287e+00 -3.580474231026943954e+00 -3.294704089883874865e+00 -3.294704089883873976e+00 3.294704089883873532e+00 3.294704089883873532e+00 3.580474231026943954e+00 3.580474231026946175e+00 4.118554644387303121e+00 4.118554644387304009e+00
2.250000000000000000e+02 -4.108152415640598853e+00 -4.108152415640594413e+00 -3.576101100586233983e+00 -3.576101100586229986e+00 -3.314584857467737677e+00 -3.314584857467736789e+00 3.314584857467736789e+00 3.314584857467736789e+00 3.576101100586230874e+00 3.576101100586231762e+00 4.108152415640596189e+00 4.108152415640598853e+00
2.260000000000000000e+02 -4.098270456383005467e+00 -4.098270456383004579e+00 -3.571336593314486940e+00 -3.571336593314485608e+00 -3.333929234234458860e+00 -3.333929234234456640e+00 3.333929234234456640e+00 3.333929234234457528e+00 3.571336593314486052e+00 3.571336593314486496e+00 4.098270456383005467e+00 4.098270456383005467e+00
2.270000000000000000e+02 -4.089070203943404813e+00 -4.089070203943403925e+00 -3.566200445739605485e+00 -3.566200445739604596e+00 -3.352508453098774321e+00 -3.352508453098773433e+00 3.352508453098773433e+00 3.352508453098773877e+00 3.566200445739605929e+00 3.566200445739606373e+00 4.089070203943403037e+00 4.089070203943405701e+00
2.280000000000000000e+02 -4.080723268225573186e+00 -4.080723268225573186e+00 -3.560756415634997119e+00 -3.560756415634995342e+00 -3.370041190350422600e+00 -3.370041190350421711e+00 3.370041190350420379e+00 3.370041190350420823e+00 3.560756415634993566e+00 3.560756415634995786e+00 4.080723268225573186e+00 4.080723268225573186e+00
2.290000000000000000e+02 -4.073407924207709918e+00 -4.073407924207708142e+00 -3.555142672270039217e+00 -3.555142672270034332e+00 -3.386166790749516764e+00 -3.386166790749516320e+00 3.386166790749512767e+00 3.386166790749514988e+00 3.555142672270037441e+00 3.555142672270038773e+00 4.073407924207709030e+00 4.073407924207709918e+00
2.300000000000000000e+02 -4.067303977047934005e+00 -4.067303977047933117e+00 -3.549617087202872057e+00 -3.549617087202870724e+00 -3.400405200362428548e+00 -3.400405200362426328e+00 3.400405200362426772e+00 3.400405200362427660e+00 3.549617087202870280e+00 3.549617087202870724e+00 4.067303977047934005e+00 4.067303977047934893e+00
2.310000000000000000e+02 -4.062585973581385623e+00 -4.062585973581384735e+00 -3.544612354909887575e+00 -3.544612354909885354e+00 -3.412108705395039632e+00 -3.412108705395039188e+00 3.412108705395039188e+00 3.412108705395041408e+00 3.544612354909886243e+00 3.544612354909887131e+00 4.062585973581383847e+00 4.062585973581385623e+00
2.320000000000000000e+02 -4.059415015043892794e+00 -4.059415015043890129e+00 -3.540762321958745851e+00 -3.540762321958744963e+00 -3.420443844869754724e+00 -3.420443844869753836e+00 3.420443844869754280e+00 3.420443844869755612e+00 3.540762321958744518e+00 3.540762321958744518e+00 4.059415015043890129e+00 4.059415015043890129e+00
2.330000000000000000e+02 -4.057929780013108001e+00 -4.057929780013107113e+00 -3.538795294545288517e+00 -3.538795294545286296e+00 -3.424507119746297512e+00 -3.424507119746297068e+00 3.424507119746297512e+00 3.424507119746298400e+00 3.538795294545285852e+00 3.538795294545285852e+00 4.057929780013108889e+00 4.057929780013109777e+00
2.340000000000000000e+02 -4.058237717118789334e+00 -4.058237717118785781e+00 -3.539203875765527307e+00 -3.539203875765526863e+00 -3.423663988975010231e+00 -3.423663988975009786e+00 3.423663988975008454e+00 3.423663988975010675e+00 3.539203875765527751e+00 3.539203875765528196e+00 4.058237717118787558e+00 4.058237717118787558e+00
2.350000000000000000e+02 -4.060407597642582189e+00 -4.060407597642581301e+00 -3.541899234132104279e+00 -3.541899234132102947e+00 -3.417902062247039296e+00 -3.417902062247038408e+00 3.417902062247039296e+00 3.417902062247040185e+00 3.541899234132102503e+00 3.541899234132104723e+00 4.060407597642579525e+00 4.060407597642581301e+00
2.360000000000000000e+02 -4.064464609047856669e+00 -4.064464609047854893e+00 -3.546264422924298110e+00 -3.546264422924297666e+00 -3.407782690175491069e+00 -3.407782690175487961e+00 3.407782690175487073e+00 3.407782690175488849e+00 3.546264422924298110e+00 3.546264422924298554e+00 4.064464609047855781e+00 4.064464609047856669e+00
2.370000000000000000e+02 -4.070388857556979545e+00 -4.070388857556977769e+00 -3.551536165947236423e+00 -3.551536165947235091e+00 -3.394060669538076613e+00 -3.394060669538075725e+00 3.394060669538074837e+00 3.394060669538075281e+00 3.551536165947235091e+00 3.551536165947236423e+00 4.070388857556977769e+00 4.070388857556980433e+00
2.380000000000000000e+02 -4.078117574489582786e+00 -4.078117574489582786e+00 -3.557092620689355389e+00 -3.557092620689354057e+00 -3.377394259156605294e+00 -3.377394259156604850e+00 3.377394259156603962e+00 3.377394259156606182e+00 3.557092620689353613e+00 3.557092620689354057e+00 4.078117574489581898e+00 4.078117574489583674e+00
2.390000000000000000e+02 -4.087550644018438817e+00 -4.087550644018437929e+00 -3.562523741300255065e+00 -3.562523741300253732e+00 -3.358269267562985050e+00 -3.358269267562983273e+00 3.358269267562983718e+00 3.358269267562984162e+00 3.562523741300254621e+00 3.562523741300255509e+00 4.087550644018437040e+00 4.087550644018437929e+00
2.400000000000000000e+02 -4.098558500267753146e+00 -4.098558500267751370e+00 -3.567594632958445366e+00 -3.567594632958444034e+00 -3.337027774135763458e+00 -3.337027774135759906e+00 3.337027774135759017e+00 3.337027774135759461e+00 3.567594632958444034e+00 3.567594632958445366e+00 4.098558500267749594e+00 4.098558500267751370e+00
2.410000000000000000e+02 -4.110991147074962271e+00 -4.110991147074959606e+00 -3.572190743938664870e+00 -3.572190743938664426e+00 -3.313913885205172605e+00 -3.313913885205170384e+00 3.313913885205170828e+00 3.313913885205173049e+00 3.572190743938662649e+00 3.572190743938663982e+00 4.110991147074958718e+00 4.110991147074959606e+00
2.420000000000000000e+02 -4.124687084401474912e+00 -4.124687084401473136e+00 -3.576273805380885129e+00 -3.576273805380884685e+00 -3.289108832220191125e+00 -3.289108832220187129e+00 3.289108832220188461e+00 3.289108832220189793e+00 3.576273805380885573e+00 3.576273805380886461e+00 4.124687084401472248e+00 4.124687084401472248e+00
2.430000000000000000e+02 -4.139481208118136024e+00 -4.139481208118134248e+00 -3.579851415957588934e+00 -3.579851415957588490e+00 -3.262753449091722935e+00 -3.262753449091722491e+00 3.262753449091723823e+00 3.262753449091723823e+00 3.579851415957586269e+00 3.579851415957589378e+00 4.139481208118134248e+00 4.139481208118136024e+00
2.440000000000000000e+02 -4.155211145183684174e+00 -4.155211145183682397e+00 -3.582957101225091368e+00 -3.582957101225090035e+00 -3.234961737903634393e+00 -3.234961737903634393e+00 3.234961737903634393e+00 3.234961737903636614e+00 3.582957101225086038e+00 3.582957101225089147e+00 4.155211145183684174e+00 4.155211145183686838e+00
2.450000000000000000e+02 -4.171721861458238756e+00 -4.171721861458236980e+00 -3.585637555937864818e+00 -3.585637555937863930e+00 -3.205828978429686504e+00 -3.205828978429685616e+00 3.205828978429683840e+00 3.205828978429686948e+00 3.585637555937863041e+00 3.585637555937865262e+00 4.171721861458237868e+00 4.171721861458238756e+00
2.460000000000000000e+02 -4.188868654699217764e+00 -4.188868654699215988e+00 -3.587944669896277361e+00 -3.587944669896276473e+00 -3.175436669265597089e+00 -3.175436669265595757e+00 3.175436669265596645e+00 3.175436669265597089e+00 3.587944669896276473e+00 3.587944669896277361e+00 4.188868654699215099e+00 4.188868654699215099e+00
2.470000000000000000e+02 -4.206518799820966770e+00 -4.206518799820964993e+00 -3.589930709688846644e+00 -3.589930709688846200e+00 -3.143855662033787635e+00 -3.143855662033787191e+00 3.143855662033787191e+00 3.143855662033788523e+00 3.589930709688845312e+00 3.589930709688845756e+00 4.206518799820964105e+00 4.206518799820964993e+00
2.480000000000000000e+02 -4.224552166239799789e+00 -4.224552166239799789e+00 -3.591645561384677166e+00 -3.591645561384677166e+00 -3.111148264661027341e+00 -3.111148264661026452e+00 3.111148264661029117e+00 3.111148264661029561e+00 3.591645561384672725e+00 3.591645561384676277e+00 4.224552166239800677e+00 4.224552166239802453e+00
2.490000000000000000e+02 -4.242861112611177710e+00 -4.242861112611175933e+00 -3.593135295695482068e+00 -3.593135295695481624e+00 -3.077369747763462282e+00 -3.077369747763461838e+00 3.077369747763460950e+00 3.077369747763464058e+00 3.593135295695479403e+00 3.593135295695480735e+00 4.242861112611175933e+00 4.242861112611177710e+00
2.500000000000000000e+02 -4.261349915449478054e+00 -4.261349915449476278e+00 -3.594441558938530790e+00 -3.594441558938530346e+00 -3.042569495166057791e+00 -3.042569495166056015e+00 3.042569495166055571e+00 3.042569495166056903e+00 3.594441558938530346e+00 3.594441558938532122e+00 4.261349915449476278e+00 4.261349915449476278e+00
2.510000000000000000e+02 -4.279933928809572130e+00 -4.279933928809570354e+00 -3.595601459466499339e+00 -3.595601459466498007e+00 -3.006791932554143010e+00 -3.006791932554141233e+00 3.006791932554139457e+00 3.006791932554140789e+00 3.595601459466498895e+00 3.595601459466499783e+00 4.279933928809571242e+00 4.279933928809573018e+00
2.520000000000000000e+02 -4.298538616261217804e+00 -4.298538616261217804e+00 -3.596647733893780785e+00 -3.596647733893779897e+00 -2.970077309539072452e+00 -2.970077309539072008e+00 2.970077309539068455e+00 2.970077309539072008e+00 3.596647733893781229e+00 3.596647733893783894e+00 4.298538616261216028e+00 4.298538616261217804e+00
2.530000000000000000e+02 -4.317098550013084512e+00 -4.317098550013082736e+00 -3.597609055806113343e+00 -3.597609055806113343e+00 -2.932462378443571716e+00 -2.932462378443570383e+00 2.932462378443569495e+00 2.932462378443569939e+00 3.597609055806113787e+00 3.597609055806114231e+00 4.317098550013081848e+00 4.317098550013086289e+00
2.540000000000000000e+02 -4.335556436688867699e+00 -4.335556436688867699e+00 -3.598510402347728565e+00 -3.598510402347728565e+00 -2.893980995772754472e+00 -2.893980995772754472e+00 2.893980995772754916e+00 2.893980995772757581e+00 3.598510402347724124e+00 3.598510402347725901e+00 4.335556436688868587e+00 4.335556436688868587e+00
2.550000000000000000e+02 -4.353862203933623221e+00 -4.353862203933620556e+00 -3.599373428830775268e+00 -3.599373428830774824e+00 -2.854664662932624442e+00 -2.854664662932623997e+00 2.854664662932625774e+00 2.854664662932625774e+00 3.599373428830772159e+00 3.599373428830773491e+00 4.353862203933620556e+00 4.353862203933622332e+00
2.560000000000000000e+02 -4.371972164814501127e+00 -4.371972164814500239e+00 -3.600216823897775864e+00 -3.600216823897775420e+00 -2.814543017616488729e+00 -2.814543017616488285e+00 2.814543017616486953e+00 2.814543017616489173e+00 3.600216823897773644e+00 3.600216823897775864e+00 4.371972164814497575e+00 4.371972164814501127e+00
2.570000000000000000e+02 -4.389848265853457221e+00 -4.389848265853456333e+00 -3.601056631805030772e+00 -3.601056631805029884e+00 -2.773644284411028949e+00 -2.773644284411027616e+00 2.773644284411025840e+00 2.773644284411029837e+00 3.601056631805024555e+00 3.601056631805031216e+00 4.389848265853454556e+00 4.389848265853458997e+00
2.580000000000000000e+02 -4.407457417731484917e+00 -4.407457417731482252e+00 -3.601906536908857426e+00 -3.601906536908856538e+00 -2.731995691511626578e+00 -2.731995691511624802e+00 2.731995691511624358e+00 2.731995691511626134e+00 3.601906536908855205e+00 3.601906536908859646e+00 4.407457417731483140e+00 4.407457417731484028e+00
2.590000000000000000e+02 -4.424770903853475268e+00 -4.424770903853473492e+00 -3.602778110372780951e+00 -3.602778110372780951e+00 -2.689623859418804663e+00 -2.689623859418804219e+00 2.689623859418801999e+00 2.689623859418805996e+00 3.602778110372781395e+00 3.602778110372783171e+00 4.424770903853472603e+00 4.424770903853474380e+00
2.600000000000000000e+02 -4.441763860041652023e+00 -4.441763860041652023e+00 -3.603681021783926575e+00 -3.603681021783925242e+00 -2.646555166823450822e+00 -2.646555166823450378e+00 2.646555166823452598e+00 2.646555166823452598e+00 3.603681021783922578e+00 3.603681021783926575e+00 4.441763860041650247e+00 4.441763860041653800e+00
2.610000000000000000e+02 -4.458414817916593442e+00 -4.458414817916593442e+00 -3.604623219637448805e+00 -3.604623219637447029e+00 -2.602816098430289049e+00 -2.602816098430286829e+00 2.602816098430287717e+00 2.602816098430289049e+00 3.604623219637447473e+00 3.604623219637448805e+00 4.458414817916590778e+00 4.458414817916594330e+00
2.620000000000000000e+02 -4.474705304541334527e+00 -4.474705304541330975e+00 -3.605611085081115608e+00 -3.605611085081112943e+00 -2.558433579145068304e+00 -2.558433579145065195e+00 2.558433579145066972e+00 2.558433579145067416e+00 3.605611085081112055e+00 3.605611085081115164e+00 4.474705304541330975e+00 4.474705304541335416e+00
2.630000000000000000e+02 -4.490619491325169577e+00 -4.490619491325167800e+00 -3.606649563265668768e+00 -3.606649563265668323e+00 -2.513435298826806275e+00 -2.513435298826804942e+00 2.513435298826803610e+00 2.513435298826805386e+00 3.606649563265664771e+00 3.606649563265668323e+00 4.490619491325169577e+00 4.490619491325171353e+00
2.640000000000000000e+02 -4.506143885805243166e+00 -4.506143885805239613e+00 -3.607742276343497423e+00 -3.607742276343496091e+00 -2.467850031667041755e+00 -2.467850031667039534e+00 2.467850031667039090e+00 2.467850031667039534e+00 3.607742276343496535e+00 3.607742276343498755e+00 4.506143885805239613e+00 4.506143885805240501e+00
2.650000000000000000e+02 -4.521267060619829081e+00 -4.521267060619828193e+00 -3.608891621733952615e+00 -3.608891621733952615e+00 -2.421707954197092505e+00 -2.421707954197091173e+00 2.421707954197090729e+00 2.421707954197095169e+00 3.608891621733951727e+00 3.608891621733954391e+00 4.521267060619829081e+00 4.521267060619831746e+00
2.660000000000000000e+02 -4.535979414683382949e+00 -4.535979414683382061e+00 -3.610098858808944211e+00 -3.610098858808942435e+00 -2.375040965938652882e+00 -2.375040965938651549e+00 2.375040965938650661e+00 2.375040965938651105e+00 3.610098858808940214e+00 3.610098858808945543e+00 4.535979414683381172e+00 4.535979414683383837e+00
2.670000000000000000e+02 -4.550272962228872231e+00 -4.550272962228870455e+00 -3.611364186692056499e+00 -3.611364186692055611e+00 -2.327883016801415295e+00 -2.327883016801413518e+00 2.327883016801412630e+00 2.327883016801415295e+00 3.611364186692056055e+00 3.611364186692056943e+00 4.550272962228869567e+00 4.550272962228870455e+00
2.680000000000000000e+02 -4.564141145978194203e+00 -4.564141145978189762e+00 -3.612686815432805787e+00 -3.612686815432805343e+00 -2.280270445491436870e+00 -2.280270445491431985e+00 2.280270445491432429e+00 2.280270445491436426e+00 3.612686815432804455e+00 3.612686815432806231e+00 4.564141145978192426e+00 4.564141145978193315e+00
2.690000000000000000e+02 -4.577578671228924811e+00 -4.577578671228922147e+00 -3.614065032425497481e+00 -3.614065032425497037e+00 -2.232242333422316705e+00 -2.232242333422314928e+00 2.232242333422314040e+00 2.232242333422314928e+00 3.614065032425496149e+00 3.614065032425497925e+00 4.577578671228923923e+00 4.577578671228926588e+00
2.700000000000000000e+02 -4.590581358105784382e+00 -4.590581358105784382e+00 -3.615496265593237890e+00 -3.615496265593236114e+00 -2.183840878912171046e+00 -2.183840878912167494e+00 2.183840878912168826e+00 2.183840878912170158e+00 3.615496265593234781e+00 3.615496265593235670e+00 4.590581358105781717e+00 4.590581358105784382e+00
2.710000000000000000e+02 -4.603146009622102852e+00 -4.603146009622100188e+00 -3.616977144551530188e+00 -3.616977144551528411e+00 -2.135111796792912298e+00 -2.135111796792906969e+00 2.135111796792907413e+00 2.135111796792911409e+00 3.616977144551527079e+00 3.616977144551528411e+00 4.603146009622101076e+00 4.603146009622104629e+00
2.720000000000000000e+02 -4.615270293536346990e+00 -4.615270293536344326e+00 -3.618503560699724453e+00 -3.618503560699724009e+00 -2.086104748939050069e+00 -2.086104748939046960e+00 2.086104748939045628e+00 2.086104748939047848e+00 3.618503560699723565e+00 3.618503560699726229e+00 4.615270293536345214e+00 4.615270293536345214e+00
2.730000000000000000e+02 -4.626952636278288900e+00 -4.626952636278286235e+00 -3.620070726958918073e+00 -3.620070726958915852e+00 -2.036873811616646712e+00 -2.036873811616646268e+00 2.036873811616644492e+00 2.036873811616648933e+00 3.620070726958917628e+00 3.620070726958918517e+00 4.626952636278287123e+00 4.626952636278289788e+00
2.740000000000000000e+02 -4.638192127465297077e+00 -4.638192127465296188e+00 -3.621673237677939916e+00 -3.621673237677937252e+00 -1.987477985921884516e+00 -1.987477985921884516e+00 1.987477985921884294e+00 1.987477985921886292e+00 3.621673237677940360e+00 3.621673237677940804e+00 4.638192127465294412e+00 4.638192127465297077e+00
2.750000000000000000e+02 -4.648988433737995862e+00 -4.648988433737992310e+00 -3.623305129060804042e+00 -3.623305129060803598e+00 -1.937981757867120569e+00 -1.937981757867117238e+00 1.937981757867117905e+00 1.937981757867119459e+00 3.623305129060804486e+00 3.623305129060804930e+00 4.648988433737993198e+00 4.648988433737998527e+00
2.760000000000000000e+02 -4.659341720821569055e+00 -4.659341720821568167e+00 -3.624959940326316854e+00 -3.624959940326315522e+00 -1.888455714797963481e+00 -1.888455714797959928e+00 1.888455714797960594e+00 1.888455714797961260e+00 3.624959940326312413e+00 3.624959940326315966e+00 4.659341720821568167e+00 4.659341720821569055e+00
2.770000000000000000e+02 -4.669252582869623858e+00 -4.669252582869621193e+00 -3.626630775690052655e+00 -3.626630775690050879e+00 -1.838977224668160382e+00 -1.838977224668159272e+00 1.838977224668158605e+00 1.838977224668161048e+00 3.626630775690051767e+00 3.626630775690052211e+00 4.669252582869622969e+00 4.669252582869623858e+00
2.780000000000000000e+02 -4.678721978275612869e+00 -4.678721978275611093e+00 -3.628310367158010141e+00 -3.628310367158007921e+00 -1.789631184089980342e+00 -1.789631184089977234e+00 1.789631184089976124e+00 1.789631184089978344e+00 3.628310367158009697e+00 3.628310367158010585e+00 4.678721978275609317e+00 4.678721978275613758e+00
2.790000000000000000e+02 -4.687751171246540949e+00 -4.687751171246540061e+00 -3.629991138037434784e+00 -3.629991138037433451e+00 -1.740510839777117846e+00 -1.740510839777114738e+00 1.740510839777115626e+00 1.740510839777118512e+00 3.629991138037426346e+00 3.629991138037432119e+00 4.687751171246539172e+00 4.687751171246540949e+00
2.800000000000000000e+02 -4.696341678527556240e+00 -4.696341678527554464e+00 -3.631665267001559005e+00 -3.631665267001558561e+00 -1.691718685677237932e+00 -1.691718685677235712e+00 1.691718685677235268e+00 1.691718685677236156e+00 3.631665267001559894e+00 3.631665267001560782e+00 4.696341678527555352e+00 4.696341678527558017e+00
2.810000000000000000e+02 -4.704495220747158868e+00 -4.704495220747157092e+00 -3.633324752489437426e+00 -3.633324752489436094e+00 -1.643367434309494390e+00 -1.643367434309493946e+00 1.643367434309492170e+00 1.643367434309494612e+00 3.633324752489435205e+00 3.633324752489437870e+00 4.704495220747158868e+00 4.704495220747159756e+00
2.820000000000000000e+02 -4.712213677922805211e+00 -4.712213677922802546e+00 -3.634961477177894640e+00 -3.634961477177893752e+00 -1.595581055000790949e+00 -1.595581055000789839e+00 1.595581055000788062e+00 1.595581055000792281e+00 3.634961477177894196e+00 3.634961477177895084e+00 4.712213677922804322e+00 4.712213677922804322e+00
2.830000000000000000e+02 -4.719499048727805679e+00 -4.719499048727803014e+00 -3.636567272228919290e+00 -3.636567272228918402e+00 -1.548495863120525895e+00 -1.548495863120523230e+00 1.548495863120521232e+00 1.548495863120525451e+00 3.636567272228918846e+00 3.636567272228918846e+00 4.719499048727805679e+00 4.719499048727805679e+00
2.840000000000000000e+02 -4.726353413173669082e+00 -4.726353413173666418e+00 -3.638133980990656546e+00 -3.638133980990653882e+00 -1.502261632164979765e+00 -1.502261632164979321e+00 1.502261632164978655e+00 1.502261632164979099e+00 3.638133980990656990e+00 3.638133980990658323e+00 4.726353413173664642e+00 4.726353413173667306e+00
2.850000000000000000e+02 -4.732778898408960266e+00 -4.732778898408960266e+00 -3.639653521813142056e+00 -3.639653521813138504e+00 -1.457042683650571435e+00 -1.457042683650570991e+00 1.457042683650568327e+00 1.457042683650572323e+00 3.639653521813138060e+00 3.639653521813142056e+00 4.732778898408960266e+00 4.732778898408960266e+00
2.860000000000000000e+02 -4.738777647376917201e+00 -4.738777647376916313e+00 -3.641117949629561146e+00 -3.641117949629559813e+00 -1.413018887263668866e+00 -1.413018887263666201e+00 1.413018887263666201e+00 1.413018887263667756e+00 3.641117949629562034e+00 3.641117949629562034e+00 4.738777647376916313e+00 4.738777647376917201e+00
2.870000000000000000e+02 -4.744351790110493461e+00 -4.744351790110491685e+00 -3.642519515949527165e+00 -3.642519515949524944e+00 -1.370386474862556936e+00 -1.370386474862556270e+00 1.370386474862554493e+00 1.370386474862557158e+00 3.642519515949525832e+00 3.642519515949527165e+00 4.744351790110491685e+00 4.744351790110492573e+00
2.880000000000000000e+02 -4.749503417475758660e+00 -4.749503417475756883e+00 -3.643850726911872062e+00 -3.643850726911871174e+00 -1.329358536694555060e+00 -1.329358536694552839e+00 1.329358536694550175e+00 1.329358536694553727e+00 3.643850726911870286e+00 3.643850726911871174e+00 4.749503417475755995e+00 4.749503417475756883e+00
2.890000000000000000e+02 -4.754234557203038669e+00 -4.754234557203036005e+00 -3.645104399050060007e+00 -3.645104399050057342e+00 -1.290165027890631144e+00 -1.290165027890628924e+00 1.290165027890629812e+00 1.290165027890630478e+00 3.645104399050058230e+00 3.645104399050060895e+00 4.754234557203033340e+00 4.754234557203037781e+00
2.900000000000000000e+02 -4.758547152070256914e+00 -4.758547152070255137e+00 -3.646273712432833047e+00 -3.646273712432833047e+00 -1.253052071529691558e+00 -1.253052071529690448e+00 1.253052071529688227e+00 1.253052071529692224e+00 3.646273712432829495e+00 3.646273712432831715e+00 4.758547152070258690e+00 4.758547152070260466e+00
2.910000000000000000e+02 -4.762443040125290850e+00 -4.762443040125289961e+00 -3.647352260855986739e+00 -3.647352260855980965e+00 -1.218280308323276939e+00 -1.218280308323276717e+00 1.218280308323274941e+00 1.218280308323278049e+00 3.647352260855979189e+00 3.647352260855984518e+00 4.762443040125290850e+00 4.762443040125291738e+00
2.920000000000000000e+02 -4.765923936853292631e+00 -4.765923936853287302e+00 -3.648334098777214596e+00 -3.648334098777214596e+00 -1.186122023649280433e+00 -1.186122023649277324e+00 1.186122023649276880e+00 1.186122023649277990e+00 3.648334098777212819e+00 3.648334098777215928e+00 4.765923936853289078e+00 4.765923936853289078e+00
2.930000000000000000e+02 -4.768991419212103011e+00 -4.768991419212101235e+00 -3.649213784705023667e+00 -3.649213784705023222e+00 -1.156856796280175903e+00 -1.156856796280174127e+00 1.156856796280174127e+00 1.156856796280176125e+00 3.649213784705021002e+00 3.649213784705023222e+00 4.768991419212101235e+00 4.768991419212103011e+00
2.940000000000000000e+02 -4.771646911473282238e+00 -4.771646911473280461e+00 -3.649986420773669415e+00 -3.649986420773668971e+00 -1.130765478837196358e+00 -1.130765478837195914e+00 1.130765478837193250e+00 1.130765478837195692e+00 3.649986420773668971e+00 3.649986420773671636e+00 4.771646911473283126e+00 4.771646911473283126e+00
2.950000000000000000e+02 -4.773891672818979970e+00 -4.773891672818975529e+00 -3.650647688259573531e+00 -3.650647688259571755e+00 -1.108122455553915753e+00 -1.108122455553915087e+00 1.108122455553914643e+00 1.108122455553915309e+00 3.650647688259573087e+00 3.650647688259574863e+00 4.773891672818973753e+00 4.773891672818981746e+00
2.960000000000000000e+02 -4.775726786655235756e+00 -4.775726786655233980e+00 -3.651193878819372074e+00 -3.651193878819370298e+00 -1.089186336800660238e+00 -1.089186336800659793e+00 1.089186336800660238e+00 1.089186336800660682e+00 3.651193878819367633e+00 3.651193878819370742e+00 4.775726786655233091e+00 4.775726786655233980e+00
2.970000000000000000e+02 -4.777153151611456927e+00 -4.777153151611455151e+00 -3.651621921256380077e+00 -3.651621921256379188e+00 -1.074189530556431960e+00 -1.074189530556430627e+00 1.074189530556432404e+00 1.074189530556433514e+00 3.651621921256380521e+00 3.651621921256380521e+00 4.777153151611453374e+00 4.777153151611454263e+00
2.980000000000000000e+02 -4.778171474202922653e+00 -4.778171474202917324e+00 -3.651929403649811334e+00 -3.651929403649808226e+00 -1.063327438102671829e+00 -1.063327438102670719e+00 1.063327438102667388e+00 1.063327438102669387e+00 3.651929403649809558e+00 3.651929403649810002e+00 4.778171474202919988e+00 4.778171474202920876e+00
2.990000000000000000e+02 -4.778782263139335740e+00 -4.778782263139333075e+00 -3.652114590709901076e+00 -3.652114590709899300e+00 -1.056748284006680638e+00 -1.056748284006678862e+00 1.056748284006677752e+00 1.056748284006678862e+00 3.652114590709900632e+00 3.652114590709901076e+00 4.778782263139333075e+00 4.778782263139333963e+00
