0.000000000000000000e+00 -4.727254815268383759e+00 -4.727254815268379318e+00 -3.569135780560549254e+00 -3.569135780560546145e+00 -9.415710795835732227e-01 -9.415710795835732227e-01 9.415710795835718905e-01 9.415710795835722235e-01 3.569135780560546145e+00 3.569135780560547477e+00 4.727254815268381094e+00 4.727254815268386423e+00
1.000000000000000000e+00 -4.727002132030976966e+00 -4.727001203678998564e+00 -3.569071232428647988e+00 -3.569065805179731932e+00 -9.449011025733423663e-01 -9.448852469165294199e-01 9.448852469165303081e-01 9.449011025733419222e-01 3.569065805179731043e+00 3.569071232428645324e+00 4.727001203679000341e+00 4.727002132030975190e+00
2.000000000000000000e+00 -4.726245732507987185e+00 -4.726238305949246765e+00 -3.568889056835577112e+00 -3.568845663103542787e+00 -9.548440621097584735e-01 -9.547186231693881586e-01 9.547186231693898240e-01 9.548440621097570302e-01 3.568845663103544119e+00 3.568889056835576223e+00 4.726238305949246765e+00 4.726245732507981856e+00
3.000000000000000000e+00 -4.724987787787982896e+00 -4.724962724625481947e+00 -3.568607334588655533e+00 -3.568461017385468281e+00 -9.712170513584196252e-01 -9.708012827630650987e-01 9.708012827630644326e-01 9.712170513584180709e-01 3.568461017385467393e+00 3.568607334588657309e+00 4.724962724625482835e+00 4.724987787787982008e+00
4.000000000000000000e+00 -4.723230078683917199e+00 -4.723170674736184793e+00 -3.568245248060454955e+00 -3.567898876472550995e+00 -9.937048077291041892e-01 -9.927429883049538883e-01 9.927429883049528891e-01 9.937048077291041892e-01 3.567898876472550107e+00 3.568245248060456287e+00 4.723170674736183017e+00 4.723230078683918975e+00
5.000000000000000000e+00 -4.720974024606300112e+00 -4.720858014399335723e+00 -3.567822982772194784e+00 -3.567147619911934520e+00 -1.021889356164054075e+00 -1.020065934621993575e+00 1.020065934621992687e+00 1.021889356164053853e+00 3.567147619911933631e+00 3.567822982772193452e+00 4.720858014399339275e+00 4.720974024606293895e+00
6.000000000000000000e+00 -4.718220723899908542e+00 -4.718020287386870848e+00 -3.567361613760309247e+00 -3.566197011604726796e+00 -1.055284077661432951e+00 -1.052239561154269198e+00 1.052239561154267200e+00 1.055284077661432507e+00 3.566197011604725908e+00 3.567361613760306582e+00 4.718020287386872624e+00 4.718220723899911206e+00
7.000000000000000000e+00 -4.714971005340006904e+00 -4.714652777617415857e+00 -3.566882976864438781e+00 -3.565038201859080047e+00 -1.093366650234693260e+00 -1.088712363122633420e+00 1.088712363122632532e+00 1.093366650234690818e+00 3.565038201859080935e+00 3.566882976864442334e+00 4.714652777617414969e+00 4.714971005340005128e+00
8.000000000000000000e+00 -4.711225490417035644e+00 -4.710750575575731958e+00 -3.566409525171168937e+00 -3.563663719762018900e+00 -1.135606986530974805e+00 -1.128937584830335350e+00 1.128937584830334462e+00 1.135606986530972362e+00 3.563663719762019788e+00 3.566409525171169381e+00 4.710750575575731958e+00 4.711225490417036532e+00
9.000000000000000000e+00 -4.706984665980651350e+00 -4.706308656715433081e+00 -3.565964170906652964e+00 -3.562067457672315474e+00 -1.181488344813018676e+00 -1.172391695317537064e+00 1.172391695317532845e+00 1.181488344813017788e+00 3.562067457672315474e+00 3.565964170906655628e+00 4.706308656715431304e+00 4.706984665980652238e+00
1.000000000000000000e+01 -4.702248966768820537e+00 -4.701321971994842031e+00 -3.565570113087972892e+00 -3.560244649936643135e+00 -1.230521494799380111e+00 -1.218586043878956193e+00 1.218586043878952196e+00 1.230521494799377447e+00 3.560244649936643579e+00 3.565570113087977333e+00 4.701321971994843807e+00 4.702248966768819649e+00
1.100000000000000000e+01 -4.697018867319123103e+00 -4.695785550828301069e+00 -3.565250651212623190e+00 -3.558191848253414058e+00 -1.282252873319078335e+00 -1.267072908211699822e+00 1.267072908211696491e+00 1.282252873319075892e+00 3.558191848253415834e+00 3.565250651212621413e+00 4.695785550828301957e+00 4.697018867319119551e+00
1.200000000000000000e+01 -4.691294982750388698e+00 -4.689694616910355052e+00 -3.565028985182439492e+00 -3.555906896460339972e+00 -1.336268101963085764e+00 -1.317447398087799648e+00 1.317447398087799426e+00 1.336268101963087762e+00 3.555906896460338640e+00 3.565028985182440824e+00 4.689694616910351499e+00 4.691294982750386033e+00
1.300000000000000000e+01 -4.685078177915930731e+00 -4.683044717592791173e+00 -3.564928001516538103e+00 -3.553388907913199279e+00 -1.392192251258844493e+00 -1.369346576130151094e+00 1.369346576130148874e+00 1.392192251258842273e+00 3.553388907913199279e+00 3.564928001516539879e+00 4.683044717592792061e+00 4.685078177915928954e+00
1.400000000000000000e+01 -4.678369684467082124e+00 -4.675831867768708960e+00 -3.564970045700504464e+00 -3.550638249069333785e+00 -1.449688026892697712e+00 -1.422446896452576270e+00 1.422446896452574716e+00 1.449688026892698156e+00 3.550638249069334229e+00 3.564970045700506240e+00 4.675831867768707184e+00 4.678369684467081235e+00
1.500000000000000000e+01 -4.671171225428606633e+00 -4.668052709549626478e+00 -3.565176680239345419e+00 -3.547656533408345414e+00 -1.508452772216420046e+00 -1.476460768817942970e+00 1.476460768817940750e+00 1.508452772216418269e+00 3.547656533408346302e+00 3.565176680239347640e+00 4.668052709549628254e+00 4.671171225428607521e+00
1.600000000000000000e+01 -4.663485146977249585e+00 -4.659704689416559908e+00 -3.565568427621484737e+00 -3.544446630439936907e+00 -1.568214912552307050e+00 -1.531132796149330844e+00 1.531132796149329067e+00 1.568214912552303719e+00 3.544446630439937795e+00 3.565568427621484293e+00 4.659704689416562573e+00 4.663485146977247808e+00
1.700000000000000000e+01 -4.655314557231466921e+00 -4.650786254991473356e+00 -3.566164496952601404e+00 -3.541012695295421508e+00 -1.628730246859387609e+00 -1.586236030074458014e+00 1.586236030074456016e+00 1.628730246859386943e+00 3.541012695295419288e+00 3.566164496952603624e+00 4.650786254991476021e+00 4.655314557231464256e+00
1.800000000000000000e+01 -4.646663472004811446e+00 -4.641297074118631016e+00 -3.566982492473626642e+00 -3.537360225314889917e+00 -1.689778328434863974e+00 -1.641568443019116863e+00 1.641568443019118861e+00 1.689778328434862420e+00 3.537360225314890361e+00 3.566982492473625754e+00 4.641297074118632793e+00 4.646663472004806117e+00
1.900000000000000000e+01 -4.637536967647299946e+00 -4.631238279573916650e+00 -3.568038101530163875e+00 -3.533496151175294031e+00 -1.751159062074147954e+00 -1.696949716753145765e+00 1.696949716753145321e+00 1.751159062074146178e+00 3.533496151175292255e+00 3.568038101530172312e+00 4.631238279573913985e+00 4.637536967647299058e+00
2.000000000000000000e+01 -4.627941341298837941e+00 -4.620612743441324888e+00 -3.569344758807088791e+00 -3.529428971513882018e+00 -1.812689569551308555e+00 -1.752218384491087466e+00 1.752218384491083913e+00 1.812689569551308111e+00 3.529428971513883795e+00 3.569344758807090123e+00 4.620612743441324000e+00 4.627941341298837052e+00
2.100000000000000000e+01 -4.617884279105600953e+00 -4.609425386013886516e+00 -3.570913282782755438e+00 -3.525168941757496288e+00 -1.874201327535773842e+00 -1.807229326039079487e+00 1.807229326039082151e+00 1.874201327535772510e+00 3.525168941757493624e+00 3.570913282782754550e+00 4.609425386013888293e+00 4.617884279105605394e+00
2.200000000000000000e+01 -4.607375033204997195e+00 -4.597683524991409421e+00 -3.572751479401652830e+00 -3.520728330048704890e+00 -1.935537553129306199e+00 -1.861851594686839251e+00 1.861851594686834588e+00 1.935537553129305088e+00 3.520728330048704890e+00 3.572751479401659047e+00 4.597683524991406756e+00 4.607375033204994530e+00
2.300000000000000000e+01 -4.596424608566170633e+00 -4.585397271749403814e+00 -3.574863706935081709e+00 -3.516121755849175745e+00 -1.996550795316470506e+00 -1.915966544472779365e+00 1.915966544472776478e+00 1.996550795316466287e+00 3.516121755849176189e+00 3.574863706935084373e+00 4.585397271749401149e+00 4.596424608566175962e+00
2.400000000000000000e+01 -4.585045961082026444e+00 -4.572579982516486119e+00 -3.577250394941456246e+00 -3.511366630073710304e+00 -2.057100680982804519e+00 -1.969466222891480989e+00 1.969466222891479212e+00 2.057100680982802743e+00 3.511366630073708972e+00 3.577250394941459355e+00 4.572579982516485231e+00 4.585045961082023780e+00
2.500000000000000000e+01 -4.573254208642544505e+00 -4.559248773367627017e+00 -3.579907509229865781e+00 -3.506483719508322050e+00 -2.117051758550270613e+00 -2.022251994270221065e+00 2.022251994270218400e+00 2.117051758550269280e+00 3.506483719508322050e+00 3.579907509229871110e+00 4.559248773367626129e+00 4.573254208642544505e+00
2.600000000000000000e+01 -4.561066857278562203e+00 -4.545425108919606494e+00 -3.582825953902745386e+00 -3.501497862753200963e+00 -2.176271378686277735e+00 -2.074233361115215946e+00 2.074233361115214613e+00 2.176271378686277291e+00 3.501497862753200074e+00 3.582825953902746274e+00 4.545425108919605606e+00 4.561066857278560427e+00
2.700000000000000000e+01 -4.548504044843242333e+00 -4.531135475336516727e+00 -3.585990901114285645e+00 -3.496438869793579318e+00 -2.234627548882080816e+00 -2.125326953589484091e+00 2.125326953589480539e+00 2.234627548882077264e+00 3.496438869793581095e+00 3.585990901114290530e+00 4.531135475336518503e+00 4.548504044843244110e+00
2.800000000000000000e+01 -4.535588805091239628e+00 -4.516412148444386432e+00 -3.589381039452972377e+00 -3.491342641988512074e+00 -2.291986696739445328e+00 -2.175455660239099753e+00 2.175455660239094868e+00 2.291986696739441332e+00 3.491342641988511630e+00 3.589381039452978150e+00 4.516412148444385544e+00 4.535588805091237852e+00
2.900000000000000000e+01 -4.522347355407929648e+00 -4.501294066987198583e+00 -3.592967733327943947e+00 -3.486252552603518406e+00 -2.348211276284583704e+00 -2.224547875713128953e+00 2.224547875713125400e+00 2.348211276284583704e+00 3.486252552603516630e+00 3.592967733327948832e+00 4.501294066987196807e+00 4.522347355407929648e+00
3.000000000000000000e+01 -4.508809411813939683e+00 -4.485827818679379853e+00 -3.596714089131948899e+00 -3.481221127714826391e+00 -2.403157154601905265e+00 -2.272536843271484752e+00 2.272536843271484308e+00 2.403157154601910150e+00 3.481221127714821950e+00 3.596714089131952008e+00 4.485827818679380741e+00 4.508809411813939683e+00
3.100000000000000000e+01 -4.495008535187025700e+00 -4.470068741760308662e+00 -3.600573930308819115e+00 -3.476312059205766580e+00 -2.456670726636961177e+00 -2.319360071186989281e+00 2.319360071186986616e+00 2.456670726636961177e+00 3.476312059205770577e+00 3.600573930308823556e+00 4.470068741760308662e+00 4.495008535187019483e+00
3.200000000000000000e+01 -4.480982512849067234e+00 -4.454082135869073866e+00 -3.604490694221690106e+00 -3.471602558409734751e+00 -2.508585731419412213e+00 -2.364958802621820233e+00 2.364958802621817568e+00 2.508585731419413101e+00 3.471602558409733863e+00 3.604490694221692770e+00 4.454082135869077419e+00 4.480982512849066346e+00
3.300000000000000000e+01 -4.466773779671425082e+00 -4.437944561384494335e+00 -3.608396280836374093e+00 -3.467186008786648621e+00 -2.558719795232320404e+00 -2.409277518121105022e+00 2.409277518121105910e+00 2.558719795232319072e+00 3.467186008786649953e+00 3.608396280836376313e+00 4.437944561384494335e+00 4.466773779671422417e+00
3.400000000000000000e+01 -4.452429882519765236e+00 -4.421745183582979521e+00 -3.612209909124485474e+00 -3.463174780474912673e+00 -2.606870824937559838e+00 -2.452263448462799200e+00 2.452263448462795203e+00 2.606870824937560283e+00 3.463174780474912673e+00 3.612209909124492135e+00 4.421745183582979521e+00 4.452429882519764348e+00
3.500000000000000000e+01 -4.438003990981932212e+00 -4.405587084420094612e+00 -3.615837074471337065e+00 -3.459702903142462649e+00 -2.652813543494991322e+00 -2.493866073189145105e+00 2.493866073189141108e+00 2.652813543494988657e+00 3.459702903142465313e+00 3.615837074471339285e+00 4.405587084420096389e+00 4.438003990981933988e+00
3.600000000000000000e+01 -4.423555455586259733e+00 -4.389588418070784925e+00 -3.619168751684748386e+00 -3.456928027193094000e+00 -2.696296729107912959e+00 -2.534036576690559706e+00 2.534036576690559261e+00 2.696296729107912515e+00 3.456928027193093556e+00 3.619168751684750607e+00 4.389588418070782261e+00 4.423555455586257956e+00
3.700000000000000000e+01 -4.409150411666679759e+00 -4.373883225697448474e+00 -3.622081054364718167e+00 -3.455031718748643232e+00 -2.737042108199923440e+00 -2.572727229205192145e+00 2.572727229205193922e+00 2.737042108199922552e+00 3.455031718748644565e+00 3.622081054364719499e+00 4.373883225697444033e+00 4.409150411666678870e+00
3.800000000000000000e+01 -4.394862422011254210e+00 -4.358621653094660431e+00 -3.624435639584433488e+00 -3.454216658845019605e+00 -2.774746333343404814e+00 -2.609890654555534262e+00 2.609890654555533818e+00 2.774746333343403926e+00 3.454216658845019605e+00 3.624435639584434377e+00 4.358621653094659543e+00 4.394862422011251546e+00
3.900000000000000000e+01 -4.380773143537046721e+00 -4.343969241763121936e+00 -3.626081227125432793e+00 -3.454698890766258579e+00 -2.809087912434920398e+00 -2.645478939944422070e+00 2.645478939944421182e+00 2.809087912434921286e+00 3.454698890766255470e+00 3.626081227125435014e+00 4.343969241763121047e+00 4.380773143537045833e+00
4.000000000000000000e+01 -4.366972991268889714e+00 -4.330104910409393604e+00 -3.626856663923589075e+00 -3.456693208365874792e+00 -2.839741019101917452e+00 -2.679442535865669495e+00 2.679442535865669495e+00 2.839741019101916564e+00 3.456693208365873904e+00 3.626856663923590407e+00 4.330104910409389163e+00 4.366972991268887050e+00
4.100000000000000000e+01 -4.353561755376868625e+00 -4.317217244111405172e+00 -3.626595972267092627e+00 -3.460390623855027492e+00 -2.866397286767998320e+00 -2.711728886562604579e+00 2.711728886562603691e+00 2.866397286767996544e+00 3.460390623855027936e+00 3.626595972267092183e+00 4.317217244111404284e+00 4.353561755376865072e+00
4.200000000000000000e+01 -4.340649102305492057e+00 -4.305498807208912204e+00 -3.625135729031724541e+00 -3.465929076314112844e+00 -2.888794491219925931e+00 -2.742280724343863163e+00 2.742280724343862719e+00 2.888794491219925931e+00 3.465929076314112400e+00 3.625135729031723653e+00 4.305498807208912204e+00 4.340649102305491169e+00
4.300000000000000000e+01 -4.328354857679450163e+00 -4.295138434914468561e+00 -3.622324889620906152e+00 -3.473361987333366763e+00 -2.906747615126263895e+00 -2.771033956133574616e+00 2.771033956133573284e+00 2.906747615126262119e+00 3.473361987333366763e+00 3.622324889620907484e+00 4.295138434914468561e+00 4.328354857679451051e+00
4.400000000000000000e+01 -4.316808926288467241e+00 -4.286311848542139202e+00 -3.618036780221477677e+00 -3.482632513758562531e+00 -2.920174587125579979e+00 -2.797915071133867837e+00 2.797915071133869613e+00 2.920174587125583088e+00 3.482632513758564308e+00 3.618036780221477677e+00 4.286311848542138314e+00 4.316808926288465464e+00
4.500000000000000000e+01 -4.306150655104779013e+00 -4.279171426158619340e+00 -3.612182483505183672e+00 -3.493561979007595575e+00 -2.929108406278265520e+00 -2.822838010365222861e+00 2.822838010365221528e+00 2.929108406278264631e+00 3.493561979007594243e+00 3.612182483505184116e+00 4.279171426158617564e+00 4.306150655104779013e+00
4.600000000000000000e+01 -4.296527395770744384e+00 -4.273836407652192193e+00 -3.604724362296016338e+00 -3.505857423884136459e+00 -2.933690953017101588e+00 -2.845700472559014038e+00 2.845700472559013594e+00 2.933690953017103364e+00 3.505857423884136903e+00 3.604724362296018114e+00 4.273836407652192193e+00 4.296527395770738167e+00
4.700000000000000000e+01 -4.288091987687685958e+00 -4.270385030398943016e+00 -3.595688176044706363e+00 -3.519136819858745824e+00 -2.934150221256133229e+00 -2.866379703642069288e+00 2.866379703642067067e+00 2.934150221256133229e+00 3.519136819858746268e+00 3.595688176044709916e+00 4.270385030398943904e+00 4.288091987687686846e+00
4.800000000000000000e+01 -4.280998886045622953e+00 -4.268849922352112358e+00 -3.585172276520237844e+00 -3.532964952711033391e+00 -2.930768238430234263e+00 -2.884727955094698260e+00 2.884727955094695595e+00 2.930768238430232486e+00 3.532964952711031170e+00 3.585172276520238288e+00 4.268849922352115023e+00 4.280998886045622065e+00
4.900000000000000000e+01 -4.275398734393940359e+00 -4.269217506670293538e+00 -3.573352703849747680e+00 -3.546891312835213750e+00 -2.923848536800905951e+00 -2.900568034696922926e+00 2.900568034696921149e+00 2.923848536800904174e+00 3.546891312835212418e+00 3.573352703849746348e+00 4.269217506670294426e+00 4.275398734393939471e+00
5.000000000000000000e+01 -4.271431363654587088e+00 -4.271431363654585311e+00 -3.560483438988501614e+00 -3.560483438988501170e+00 -2.913689746809304815e+00 -2.913689746809303927e+00 2.913689746809303927e+00 2.913689746809304371e+00 3.560483438988500726e+00 3.560483438988500726e+00 4.271431363654584423e+00 4.271431363654587088e+00
5.100000000000000000e+01 -4.275398734393938582e+00 -4.269217506670293538e+00 -3.573352703849747236e+00 -3.546891312835213750e+00 -2.923848536800905062e+00 -2.900568034696922481e+00 2.900568034696922926e+00 2.923848536800904618e+00 3.546891312835213306e+00 3.573352703849746348e+00 4.269217506670293538e+00 4.275398734393938582e+00
5.200000000000000000e+01 -4.280998886045622065e+00 -4.268849922352113246e+00 -3.585172276520236512e+00 -3.532964952711032947e+00 -2.930768238430234263e+00 -2.884727955094695151e+00 2.884727955094695595e+00 2.930768238430233374e+00 3.532964952711033391e+00 3.585172276520235624e+00 4.268849922352112358e+00 4.280998886045624729e+00
5.300000000000000000e+01 -4.288091987687688622e+00 -4.270385030398942128e+00 -3.595688176044709028e+00 -3.519136819858746268e+00 -2.934150221256135449e+00 -2.866379703642067067e+00 2.866379703642067067e+00 2.934150221256132340e+00 3.519136819858744492e+00 3.595688176044705475e+00 4.270385030398941240e+00 4.288091987687689510e+00
5.400000000000000000e+01 -4.296527395770738167e+00 -4.273836407652193969e+00 -3.604724362296017670e+00 -3.505857423884136459e+00 -2.933690953017104253e+00 -2.845700472559013594e+00 2.845700472559015370e+00 2.933690953017102476e+00 3.505857423884137347e+00 3.604724362296015894e+00 4.273836407652192193e+00 4.296527395770742608e+00
5.500000000000000000e+01 -4.306150655104779013e+00 -4.279171426158621117e+00 -3.612182483505184116e+00 -3.493561979007593798e+00 -2.929108406278267740e+00 -2.822838010365221528e+00 2.822838010365223305e+00 2.929108406278266852e+00 3.493561979007595131e+00 3.612182483505183228e+00 4.279171426158618452e+00 4.306150655104778124e+00
5.600000000000000000e+01 -4.316808926288463688e+00 -4.286311848542138314e+00 -3.618036780221478566e+00 -3.482632513758562087e+00 -2.920174587125583532e+00 -2.797915071133869169e+00 2.797915071133868725e+00 2.920174587125583088e+00 3.482632513758560755e+00 3.618036780221475901e+00 4.286311848542138314e+00 4.316808926288471682e+00
5.700000000000000000e+01 -4.328354857679452827e+00 -4.295138434914471226e+00 -3.622324889620907040e+00 -3.473361987333365875e+00 -2.906747615126263007e+00 -2.771033956133575060e+00 2.771033956133574172e+00 2.906747615126267004e+00 3.473361987333367651e+00 3.622324889620905708e+00 4.295138434914473002e+00 4.328354857679448386e+00
5.800000000000000000e+01 -4.340649102305490281e+00 -4.305498807208913981e+00 -3.625135729031725429e+00 -3.465929076314110624e+00 -2.888794491219926819e+00 -2.742280724343862719e+00 2.742280724343862719e+00 2.888794491219926375e+00 3.465929076314112400e+00 3.625135729031723653e+00 4.305498807208913981e+00 4.340649102305492946e+00
5.900000000000000000e+01 -4.353561755376865960e+00 -4.317217244111405172e+00 -3.626595972267092183e+00 -3.460390623855027492e+00 -2.866397286767996988e+00 -2.711728886562603247e+00 2.711728886562604579e+00 2.866397286767996988e+00 3.460390623855026160e+00 3.626595972267092183e+00 4.317217244111405172e+00 4.353561755376867737e+00
6.000000000000000000e+01 -4.366972991268887050e+00 -4.330104910409389163e+00 -3.626856663923592183e+00 -3.456693208365876124e+00 -2.839741019101919228e+00 -2.679442535865666830e+00 2.679442535865667718e+00 2.839741019101919228e+00 3.456693208365876124e+00 3.626856663923588187e+00 4.330104910409396268e+00 4.366972991268889714e+00
6.100000000000000000e+01 -4.380773143537045833e+00 -4.343969241763121936e+00 -3.626081227125432349e+00 -3.454698890766255914e+00 -2.809087912434920842e+00 -2.645478939944421182e+00 2.645478939944421182e+00 2.809087912434920398e+00 3.454698890766258579e+00 3.626081227125431905e+00 4.343969241763121936e+00 4.380773143537044056e+00
6.200000000000000000e+01 -4.394862422011253322e+00 -4.358621653094659543e+00 -3.624435639584432600e+00 -3.454216658845016497e+00 -2.774746333343406146e+00 -2.609890654555532929e+00 2.609890654555531153e+00 2.774746333343405702e+00 3.454216658845020493e+00 3.624435639584430824e+00 4.358621653094660431e+00 4.394862422011255987e+00
6.300000000000000000e+01 -4.409150411666677094e+00 -4.373883225697446697e+00 -3.622081054364720387e+00 -3.455031718748646785e+00 -2.737042108199924328e+00 -2.572727229205192145e+00 2.572727229205192145e+00 2.737042108199923440e+00 3.455031718748644565e+00 3.622081054364716834e+00 4.373883225697448474e+00 4.409150411666681535e+00
6.400000000000000000e+01 -4.423555455586257956e+00 -4.389588418070783149e+00 -3.619168751684751495e+00 -3.456928027193095776e+00 -2.696296729107914292e+00 -2.534036576690558373e+00 2.534036576690557929e+00 2.696296729107916512e+00 3.456928027193092223e+00 3.619168751684746166e+00 4.389588418070783149e+00 4.423555455586257956e+00
6.500000000000000000e+01 -4.438003990981933100e+00 -4.405587084420096389e+00 -3.615837074471338397e+00 -3.459702903142463093e+00 -2.652813543494991322e+00 -2.493866073189141108e+00 2.493866073189142885e+00 2.652813543494989545e+00 3.459702903142461317e+00 3.615837074471335288e+00 4.405587084420093724e+00 4.438003990981933988e+00
6.600000000000000000e+01 -4.452429882519762572e+00 -4.421745183582979521e+00 -3.612209909124492135e+00 -3.463174780474915337e+00 -2.606870824937558950e+00 -2.452263448462795203e+00 2.452263448462799200e+00 2.606870824937559394e+00 3.463174780474912673e+00 3.612209909124485474e+00 4.421745183582980410e+00 4.452429882519765236e+00
6.700000000000000000e+01 -4.466773779671424194e+00 -4.437944561384494335e+00 -3.608396280836374537e+00 -3.467186008786653506e+00 -2.558719795232320848e+00 -2.409277518121105910e+00 2.409277518121102801e+00 2.558719795232320848e+00 3.467186008786648621e+00 3.608396280836373649e+00 4.437944561384492559e+00 4.466773779671425082e+00
6.800000000000000000e+01 -4.480982512849067234e+00 -4.454082135869077419e+00 -3.604490694221691882e+00 -3.471602558409735639e+00 -2.508585731419415765e+00 -2.364958802621819345e+00 2.364958802621820233e+00 2.508585731419413545e+00 3.471602558409732975e+00 3.604490694221690994e+00 4.454082135869076531e+00 4.480982512849070787e+00
6.900000000000000000e+01 -4.495008535187021259e+00 -4.470068741760308662e+00 -3.600573930308820003e+00 -3.476312059205771021e+00 -2.456670726636962065e+00 -2.319360071186987948e+00 2.319360071186987060e+00 2.456670726636960733e+00 3.476312059205769689e+00 3.600573930308818227e+00 4.470068741760308662e+00 4.495008535187027476e+00
7.000000000000000000e+01 -4.508809411813943235e+00 -4.485827818679379853e+00 -3.596714089131946235e+00 -3.481221127714823282e+00 -2.403157154601909262e+00 -2.272536843271484752e+00 2.272536843271482532e+00 2.403157154601912371e+00 3.481221127714822838e+00 3.596714089131949788e+00 4.485827818679378964e+00 4.508809411813940571e+00
7.100000000000000000e+01 -4.522347355407931424e+00 -4.501294066987196807e+00 -3.592967733327947499e+00 -3.486252552603515742e+00 -2.348211276284584148e+00 -2.224547875713125844e+00 2.224547875713127620e+00 2.348211276284582372e+00 3.486252552603517074e+00 3.592967733327943058e+00 4.501294066987197695e+00 4.522347355407930536e+00
7.200000000000000000e+01 -4.535588805091238740e+00 -4.516412148444388208e+00 -3.589381039452971933e+00 -3.491342641988514295e+00 -2.291986696739444440e+00 -2.175455660239096201e+00 2.175455660239097533e+00 2.291986696739439555e+00 3.491342641988514295e+00 3.589381039452971489e+00 4.516412148444385544e+00 4.535588805091237852e+00
7.300000000000000000e+01 -4.548504044843244110e+00 -4.531135475336520280e+00 -3.585990901114284313e+00 -3.496438869793580650e+00 -2.234627548882078152e+00 -2.125326953589484980e+00 2.125326953589484091e+00 2.234627548882082593e+00 3.496438869793582427e+00 3.585990901114285645e+00 4.531135475336517615e+00 4.548504044843242333e+00
7.400000000000000000e+01 -4.561066857278561315e+00 -4.545425108919602941e+00 -3.582825953902743610e+00 -3.501497862753201851e+00 -2.176271378686278624e+00 -2.074233361115215502e+00 2.074233361115213281e+00 2.176271378686279512e+00 3.501497862753200518e+00 3.582825953902743610e+00 4.545425108919602941e+00 4.561066857278562203e+00
7.500000000000000000e+01 -4.573254208642545393e+00 -4.559248773367624352e+00 -3.579907509229867557e+00 -3.506483719508321606e+00 -2.117051758550270169e+00 -2.022251994270220177e+00 2.022251994270221065e+00 2.117051758550273277e+00 3.506483719508320718e+00 3.579907509229865337e+00 4.559248773367625240e+00 4.573254208642542729e+00
7.600000000000000000e+01 -4.585045961082025556e+00 -4.572579982516483454e+00 -3.577250394941459355e+00 -3.511366630073707196e+00 -2.057100680982804519e+00 -1.969466222891480545e+00 1.969466222891478768e+00 2.057100680982804519e+00 3.511366630073710304e+00 3.577250394941454026e+00 4.572579982516483454e+00 4.585045961082027333e+00
7.700000000000000000e+01 -4.596424608566177739e+00 -4.585397271749405590e+00 -3.574863706935077712e+00 -3.516121755849178854e+00 -1.996550795316466731e+00 -1.915966544472777144e+00 1.915966544472774924e+00 1.996550795316466509e+00 3.516121755849175301e+00 3.574863706935079932e+00 4.585397271749399373e+00 4.596424608566177739e+00
7.800000000000000000e+01 -4.607375033204993642e+00 -4.597683524991409421e+00 -3.572751479401653718e+00 -3.520728330048705335e+00 -1.935537553129307309e+00 -1.861851594686838141e+00 1.861851594686840139e+00 1.935537553129305754e+00 3.520728330048700894e+00 3.572751479401652830e+00 4.597683524991410309e+00 4.607375033204995418e+00
7.900000000000000000e+01 -4.617884279105608059e+00 -4.609425386013885628e+00 -3.570913282782752773e+00 -3.525168941757495844e+00 -1.874201327535774286e+00 -1.807229326039079043e+00 1.807229326039079931e+00 1.874201327535771400e+00 3.525168941757498509e+00 3.570913282782754550e+00 4.609425386013884740e+00 4.617884279105605394e+00
8.000000000000000000e+01 -4.627941341298838829e+00 -4.620612743441323111e+00 -3.569344758807091900e+00 -3.529428971513882463e+00 -1.812689569551308555e+00 -1.752218384491084580e+00 1.752218384491087022e+00 1.812689569551308333e+00 3.529428971513882463e+00 3.569344758807087903e+00 4.620612743441324888e+00 4.627941341298837941e+00
8.100000000000000000e+01 -4.637536967647300834e+00 -4.631238279573916650e+00 -3.568038101530167872e+00 -3.533496151175292699e+00 -1.751159062074147510e+00 -1.696949716753145321e+00 1.696949716753145765e+00 1.751159062074146622e+00 3.533496151175291811e+00 3.568038101530165207e+00 4.631238279573916650e+00 4.637536967647301722e+00
8.200000000000000000e+01 -4.646663472004807893e+00 -4.641297074118631016e+00 -3.566982492473621313e+00 -3.537360225314891693e+00 -1.689778328434863752e+00 -1.641568443019118417e+00 1.641568443019117307e+00 1.689778328434860866e+00 3.537360225314890361e+00 3.566982492473625310e+00 4.641297074118630128e+00 4.646663472004813222e+00
8.300000000000000000e+01 -4.655314557231466033e+00 -4.650786254991475133e+00 -3.566164496952603180e+00 -3.541012695295419732e+00 -1.628730246859390052e+00 -1.586236030074454462e+00 1.586236030074458903e+00 1.628730246859389386e+00 3.541012695295419732e+00 3.566164496952602292e+00 4.650786254991474244e+00 4.655314557231464256e+00
8.400000000000000000e+01 -4.663485146977247808e+00 -4.659704689416560797e+00 -3.565568427621482517e+00 -3.544446630439939572e+00 -1.568214912552303719e+00 -1.531132796149329511e+00 1.531132796149329511e+00 1.568214912552305940e+00 3.544446630439938684e+00 3.565568427621481629e+00 4.659704689416557244e+00 4.663485146977248696e+00
8.500000000000000000e+01 -4.671171225428607521e+00 -4.668052709549627366e+00 -3.565176680239344975e+00 -3.547656533408346302e+00 -1.508452772216419158e+00 -1.476460768817940750e+00 1.476460768817942082e+00 1.508452772216418936e+00 3.547656533408348078e+00 3.565176680239344975e+00 4.668052709549625590e+00 4.671171225428610185e+00
8.600000000000000000e+01 -4.678369684467082124e+00 -4.675831867768708072e+00 -3.564970045700508017e+00 -3.550638249069334229e+00 -1.449688026892698600e+00 -1.422446896452576937e+00 1.422446896452577159e+00 1.449688026892696380e+00 3.550638249069336450e+00 3.564970045700504020e+00 4.675831867768707184e+00 4.678369684467085676e+00
8.700000000000000000e+01 -4.685078177915930731e+00 -4.683044717592790285e+00 -3.564928001516540323e+00 -3.553388907913200612e+00 -1.392192251258842717e+00 -1.369346576130147985e+00 1.369346576130148430e+00 1.392192251258841162e+00 3.553388907913203276e+00 3.564928001516537215e+00 4.683044717592789397e+00 4.685078177915930731e+00
8.800000000000000000e+01 -4.691294982750385145e+00 -4.689694616910353275e+00 -3.565028985182442156e+00 -3.555906896460339084e+00 -1.336268101963088650e+00 -1.317447398087798538e+00 1.317447398087799648e+00 1.336268101963088650e+00 3.555906896460338640e+00 3.565028985182440380e+00 4.689694616910353275e+00 4.691294982750386922e+00
8.900000000000000000e+01 -4.697018867319123103e+00 -4.695785550828300181e+00 -3.565250651212621413e+00 -3.558191848253417611e+00 -1.282252873319077224e+00 -1.267072908211698490e+00 1.267072908211696936e+00 1.282252873319075226e+00 3.558191848253416723e+00 3.565250651212621413e+00 4.695785550828298405e+00 4.697018867319123103e+00
9.000000000000000000e+01 -4.702248966768820537e+00 -4.701321971994843807e+00 -3.565570113087973780e+00 -3.560244649936642691e+00 -1.230521494799377891e+00 -1.218586043878952196e+00 1.218586043878953529e+00 1.230521494799375448e+00 3.560244649936645356e+00 3.565570113087972448e+00 4.701321971994842031e+00 4.702248966768821425e+00
9.100000000000000000e+01 -4.706984665980654015e+00 -4.706308656715433081e+00 -3.565964170906652075e+00 -3.562067457672314585e+00 -1.181488344813019120e+00 -1.172391695317535953e+00 1.172391695317536175e+00 1.181488344813018676e+00 3.562067457672313697e+00 3.565964170906651631e+00 4.706308656715433081e+00 4.706984665980654015e+00
9.200000000000000000e+01 -4.711225490417037420e+00 -4.710750575575733734e+00 -3.566409525171168493e+00 -3.563663719762018900e+00 -1.135606986530973250e+00 -1.128937584830334462e+00 1.128937584830334906e+00 1.135606986530970142e+00 3.563663719762021564e+00 3.566409525171170714e+00 4.710750575575731958e+00 4.711225490417037420e+00
9.300000000000000000e+01 -4.714971005340006904e+00 -4.714652777617414969e+00 -3.566882976864443222e+00 -3.565038201859081823e+00 -1.093366650234693926e+00 -1.088712363122632087e+00 1.088712363122633864e+00 1.093366650234692150e+00 3.565038201859080491e+00 3.566882976864440113e+00 4.714652777617412305e+00 4.714971005340008681e+00
9.400000000000000000e+01 -4.718220723899912095e+00 -4.718020287386874401e+00 -3.567361613760309691e+00 -3.566197011604727685e+00 -1.055284077661432507e+00 -1.052239561154269420e+00 1.052239561154270087e+00 1.055284077661431397e+00 3.566197011604728573e+00 3.567361613760307915e+00 4.718020287386873513e+00 4.718220723899913871e+00
9.500000000000000000e+01 -4.720974024606301889e+00 -4.720858014399336611e+00 -3.567822982772192120e+00 -3.567147619911931855e+00 -1.021889356164055185e+00 -1.020065934621995796e+00 1.020065934621992909e+00 1.021889356164053408e+00 3.567147619911931411e+00 3.567822982772192564e+00 4.720858014399335723e+00 4.720974024606301889e+00
9.600000000000000000e+01 -4.723230078683918087e+00 -4.723170674736183017e+00 -3.568245248060455399e+00 -3.567898876472550107e+00 -9.937048077291048553e-01 -9.927429883049524451e-01 9.927429883049527781e-01 9.937048077291037451e-01 3.567898876472549663e+00 3.568245248060451846e+00 4.723170674736183017e+00 4.723230078683917199e+00
9.700000000000000000e+01 -4.724987787787982896e+00 -4.724962724625482835e+00 -3.568607334588655977e+00 -3.568461017385469169e+00 -9.712170513584201803e-01 -9.708012827630660979e-01 9.708012827630642105e-01 9.712170513584187370e-01 3.568461017385472278e+00 3.568607334588653313e+00 4.724962724625486388e+00 4.724987787787984672e+00
9.800000000000000000e+01 -4.726245732507982744e+00 -4.726238305949244989e+00 -3.568889056835574891e+00 -3.568845663103542343e+00 -9.548440621097582515e-01 -9.547186231693901570e-01 9.547186231693899350e-01 9.548440621097579184e-01 3.568845663103544119e+00 3.568889056835573559e+00 4.726238305949242324e+00 4.726245732507984521e+00
9.900000000000000000e+01 -4.727002132030970749e+00 -4.727001203679000341e+00 -3.569071232428644880e+00 -3.569065805179734596e+00 -9.449011025733438096e-01 -9.448852469165294199e-01 9.448852469165300860e-01 9.449011025733421443e-01 3.569065805179731488e+00 3.569071232428645324e+00 4.727001203678996788e+00 4.727002132030975190e+00
1.000000000000000000e+02 -4.727254815268381982e+00 -4.727254815268381094e+00 -3.569135780560546589e+00 -3.569135780560544813e+00 -9.415710795835732227e-01 -9.415710795835728897e-01 9.415710795835720015e-01 9.415710795835727787e-01 3.569135780560546145e+00 3.569135780560546589e+00 4.727254815268376653e+00 4.727254815268382870e+00
1.010000000000000000e+02 -4.727191589673996219e+00 -4.727191473629003049e+00 -3.569119294569391698e+00 -3.569118616068577499e+00 -9.424038338503659684e-01 -9.424018462892680414e-01 9.424018462892678194e-01 9.424038338503657464e-01 3.569118616068578831e+00 3.569119294569395251e+00 4.727191473628998608e+00 4.727191589673990890e+00
1.020000000000000000e+02 -4.727002132030974302e+00 -4.727001203679000341e+00 -3.569071232428641771e+00 -3.569065805179730155e+00 -9.449011025733426994e-01 -9.448852469165306411e-01 9.448852469165297530e-01 9.449011025733422553e-01 3.569065805179729711e+00 3.569071232428645324e+00 4.727001203678998564e+00 4.727002132030970749e+00
1.030000000000000000e+02 -4.726686751706187017e+00 -4.726683618563278344e+00 -3.568993744881285846e+00 -3.568975432179278595e+00 -9.490540048031151921e-01 -9.490007414595199586e-01 9.490007414595198476e-01 9.490540048031137488e-01 3.568975432179279927e+00 3.568993744881289842e+00 4.726683618563273903e+00 4.726686751706184353e+00
1.040000000000000000e+02 -4.726245732507985409e+00 -4.726238305949244989e+00 -3.568889056835574891e+00 -3.568845663103542787e+00 -9.548440621097588066e-01 -9.547186231693896019e-01 9.547186231693880476e-01 9.548440621097586956e-01 3.568845663103547228e+00 3.568889056835574003e+00 4.726238305949246765e+00 4.726245732507981856e+00
1.050000000000000000e+02 -4.725679333131453497e+00 -4.725664828515103721e+00 -3.568759464884652566e+00 -3.568674747069217279e+00 -9.622437155964478350e-01 -9.620007216689959728e-01 9.620007216689956397e-01 9.622437155964469468e-01 3.568674747069219055e+00 3.568759464884656563e+00 4.725664828515102833e+00 4.725679333131450832e+00
1.060000000000000000e+02 -4.724987787787980231e+00 -4.724962724625486388e+00 -3.568607334588654645e+00 -3.568461017385469614e+00 -9.712170513584182929e-01 -9.708012827630631003e-01 9.708012827630622121e-01 9.712170513584186260e-01 3.568461017385468281e+00 3.568607334588657309e+00 4.724962724625484611e+00 4.724987787787981119e+00
1.070000000000000000e+02 -4.724171307017819288e+00 -4.724131509194563705e+00 -3.568435097518379173e+00 -3.568202892455174968e+00 -9.817206922745999043e-01 -9.810679772829850043e-01 9.810679772829832279e-01 9.817206922745983499e-01 3.568202892455170527e+00 3.568435097518380950e+00 4.724131509194564593e+00 4.724171307017822841e+00
1.080000000000000000e+02 -4.723230078683918975e+00 -4.723170674736180352e+00 -3.568245248060456731e+00 -3.567898876472550995e+00 -9.937048077291050774e-01 -9.927429883049543324e-01 9.927429883049526671e-01 9.937048077291059656e-01 3.567898876472549219e+00 3.568245248060455843e+00 4.723170674736186569e+00 4.723230078683915423e+00
1.090000000000000000e+02 -4.722164269145094906e+00 -4.722079692600864576e+00 -3.568040339984360987e+00 -3.567547559925514200e+00 -1.007114190991382774e+00 -1.005764127312257505e+00 1.005764127312256173e+00 1.007114190991382108e+00 3.567547559925513312e+00 3.568040339984360987e+00 4.722079692600864576e+00 4.722164269145095794e+00
1.100000000000000000e+02 -4.720974024606303665e+00 -4.720858014399333058e+00 -3.567822982772193896e+00 -3.567147619911930967e+00 -1.021889356164055185e+00 -1.020065934621992021e+00 1.020065934621991799e+00 1.021889356164056517e+00 3.567147619911926970e+00 3.567822982772191676e+00 4.720858014399336611e+00 4.720974024606300112e+00
1.110000000000000000e+02 -4.719659472643425779e+00 -4.719505073612387136e+00 -3.567595837712559614e+00 -3.566697820280095410e+00 -1.037967612022422381e+00 -1.035580726642816085e+00 1.035580726642814975e+00 1.037967612022422159e+00 3.566697820280095854e+00 3.567595837712559170e+00 4.719505073612390689e+00 4.719659472643429332e+00
1.120000000000000000e+02 -4.718220723899910318e+00 -4.718020287386872624e+00 -3.567361613760307915e+00 -3.566197011604727241e+00 -1.055284077661432729e+00 -1.052239561154269643e+00 1.052239561154268532e+00 1.055284077661433173e+00 3.566197011604725908e+00 3.567361613760308359e+00 4.718020287386874401e+00 4.718220723899910318e+00
1.130000000000000000e+02 -4.716657873952089020e+00 -4.716403058517889768e+00 -3.567123063164161056e+00 -3.565644131010845097e+00 -1.073772613534781817e+00 -1.069973100759605611e+00 1.069973100759605833e+00 1.073772613534782039e+00 3.565644131010838436e+00 3.567123063164155727e+00 4.716403058517893321e+00 4.716657873952089020e+00
1.140000000000000000e+02 -4.714971005340005128e+00 -4.714652777617415857e+00 -3.566882976864440558e+00 -3.565038201859081379e+00 -1.093366650234692372e+00 -1.088712363122632976e+00 1.088712363122630755e+00 1.093366650234692816e+00 3.565038201859080935e+00 3.566882976864440558e+00 4.714652777617415857e+00 4.714971005340006016e+00
1.150000000000000000e+02 -4.713160189760236207e+00 -4.712768825469904499e+00 -3.566644179663517988e+00 -3.564378333306959856e+00 -1.113999905457882411e+00 -1.108389353972871971e+00 1.108389353972873304e+00 1.113999905457880413e+00 3.564378333306961633e+00 3.566644179663515324e+00 4.712768825469906275e+00 4.713160189760239760e+00
1.160000000000000000e+02 -4.711225490417040085e+00 -4.710750575575730181e+00 -3.566409525171172490e+00 -3.563663719762021120e+00 -1.135606986530972584e+00 -1.128937584830334240e+00 1.128937584830334240e+00 1.135606986530972806e+00 3.563663719762018900e+00 3.566409525171170714e+00 4.710750575575732846e+00 4.711225490417038309e+00
1.170000000000000000e+02 -4.709166964528057164e+00 -4.708597396883839714e+00 -3.566181890527661213e+00 -3.562893640243701920e+00 -1.158123881373650299e+00 -1.150292481863061100e+00 1.150292481863059768e+00 1.158123881373646968e+00 3.562893640243701476e+00 3.566181890527662990e+00 4.708597396883838826e+00 4.709166964528056276e+00
1.180000000000000000e+02 -4.706984665980651350e+00 -4.706308656715430416e+00 -3.565964170906655184e+00 -3.562067457672315030e+00 -1.181488344813021341e+00 -1.172391695317537064e+00 1.172391695317534621e+00 1.181488344813018232e+00 3.562067457672315474e+00 3.565964170906654296e+00 4.706308656715431304e+00 4.706984665980653126e+00
1.190000000000000000e+02 -4.704678648134837715e+00 -4.703883723881154388e+00 -3.565759273800251261e+00 -3.561184618104574540e+00 -1.205640189828975917e+00 -1.195175320731123758e+00 1.195175320731123980e+00 1.205640189828977249e+00 3.561184618104569655e+00 3.565759273800254370e+00 4.703883723881150836e+00 4.704678648134837715e+00
1.200000000000000000e+02 -4.702248966768819649e+00 -4.701321971994847360e+00 -3.565570113087971560e+00 -3.560244649936643135e+00 -1.230521494799379223e+00 -1.218586043878954861e+00 1.218586043878951974e+00 1.230521494799378113e+00 3.560244649936643579e+00 3.565570113087972448e+00 4.701321971994845583e+00 4.702248966768820537e+00
1.210000000000000000e+02 -4.699695683163094273e+00 -4.698622782987802893e+00 -3.565399602890988895e+00 -3.559247163097073230e+00 -1.256076738358532729e+00 -1.242569221369394628e+00 1.242569221369393739e+00 1.256076738358531619e+00 3.559247163097074562e+00 3.565399602890989339e+00 4.698622782987802005e+00 4.699695683163096049e+00
1.220000000000000000e+02 -4.697018867319123991e+00 -4.695785550828301069e+00 -3.565250651212620969e+00 -3.558191848253418943e+00 -1.282252873319076558e+00 -1.267072908211700932e+00 1.267072908211697380e+00 1.282252873319076780e+00 3.558191848253416723e+00 3.565250651212622302e+00 4.695785550828301957e+00 4.697018867319122215e+00
1.230000000000000000e+02 -4.694218601308723926e+00 -4.692809685452036916e+00 -3.565126153365158146e+00 -3.557078476058039840e+00 -1.308999350452741739e+00 -1.292047842733851981e+00 1.292047842733849539e+00 1.308999350452745292e+00 3.557078476058035843e+00 3.565126153365163475e+00 4.692809685452040469e+00 4.694218601308723038e+00
1.240000000000000000e+02 -4.691294982750388698e+00 -4.689694616910351499e+00 -3.565028985182441268e+00 -3.555906896460340860e+00 -1.336268101963085986e+00 -1.317447398087799426e+00 1.317447398087796762e+00 1.336268101963085986e+00 3.555906896460339084e+00 3.565028985182441268e+00 4.689694616910355940e+00 4.691294982750388698e+00
1.250000000000000000e+02 -4.688248128409046700e+00 -4.686439799744162471e+00 -3.564961996016625001e+00 -3.554677038114417709e+00 -1.364013493358791074e+00 -1.343227508363631140e+00 1.343227508363627143e+00 1.364013493358790408e+00 3.554677038114417265e+00 3.564961996016623225e+00 4.686439799744160695e+00 4.688248128409048476e+00
1.260000000000000000e+02 -4.685078177915932507e+00 -4.683044717592791173e+00 -3.564928001516538103e+00 -3.553388907913198835e+00 -1.392192251258844493e+00 -1.369346576130150206e+00 1.369346576130147763e+00 1.392192251258841829e+00 3.553388907913199724e+00 3.564928001516540768e+00 4.683044717592792061e+00 4.685078177915933395e+00
1.270000000000000000e+02 -4.681785297605539853e+00 -4.679508888048487414e+00 -3.564929776183656251e+00 -3.552042590682318757e+00 -1.420763373507020422e+00 -1.395765367083573238e+00 1.395765367083571906e+00 1.420763373507021088e+00 3.552042590682316980e+00 3.564929776183659804e+00 4.679508888048490078e+00 4.681785297605538965e+00
1.280000000000000000e+02 -4.678369684467083900e+00 -4.675831867768710737e+00 -3.564970045700503576e+00 -3.550638249069334229e+00 -1.449688026892696602e+00 -1.422446896452576492e+00 1.422446896452573606e+00 1.449688026892698378e+00 3.550638249069332009e+00 3.564970045700504908e+00 4.675831867768709849e+00 4.678369684467081235e+00
1.290000000000000000e+02 -4.674831570208120901e+00 -4.672013257860060165e+00 -3.565051479024601733e+00 -3.549176123666525129e+00 -1.478929436796514008e+00 -1.449356310893436417e+00 1.449356310893436195e+00 1.478929436796514008e+00 3.549176123666526017e+00 3.565051479024601289e+00 4.672013257860060165e+00 4.674831570208120901e+00
1.300000000000000000e+02 -4.671171225428608409e+00 -4.668052709549624701e+00 -3.565176680239346307e+00 -3.547656533408342305e+00 -1.508452772216417159e+00 -1.476460768817941416e+00 1.476460768817941638e+00 1.508452772216418269e+00 3.547656533408343638e+00 3.565176680239344531e+00 4.668052709549627366e+00 4.671171225428607521e+00
1.310000000000000000e+02 -4.667388963904085308e+00 -4.663949930161253477e+00 -3.565348180151334478e+00 -3.546079876287858035e+00 -1.538225028884427692e+00 -1.503729321425326448e+00 1.503729321425325782e+00 1.538225028884428136e+00 3.546079876287857591e+00 3.565348180151334478e+00 4.663949930161255253e+00 4.667388963904083532e+00
1.320000000000000000e+02 -4.663485146977249585e+00 -4.659704689416563461e+00 -3.565568427621482961e+00 -3.544446630439937351e+00 -1.568214912552305496e+00 -1.531132796149331510e+00 1.531132796149328845e+00 1.568214912552303941e+00 3.544446630439938684e+00 3.565568427621486514e+00 4.659704689416560797e+00 4.663485146977249585e+00
1.330000000000000000e+02 -4.659460188057854779e+00 -4.655316826082724901e+00 -3.565839780614988630e+00 -3.542757355643014527e+00 -1.598392723996682863e+00 -1.558643683770958521e+00 1.558643683770956301e+00 1.598392723996679976e+00 3.542757355643016304e+00 3.565839780614987298e+00 4.655316826082722237e+00 4.659460188057855667e+00
1.340000000000000000e+02 -4.655314557231466921e+00 -4.650786254991474244e+00 -3.566164496952602292e+00 -3.541012695295421508e+00 -1.628730246859389386e+00 -1.586236030074455572e+00 1.586236030074454684e+00 1.628730246859388719e+00 3.541012695295420176e+00 3.566164496952605401e+00 4.650786254991474244e+00 4.655314557231466921e+00
1.350000000000000000e+02 -4.651048785978381339e+00 -4.646112974456421796e+00 -3.566544724743085037e+00 -3.539213378927356324e+00 -1.659200639085187667e+00 -1.613885332625905944e+00 1.613885332625904168e+00 1.659200639085186335e+00 3.539213378927351883e+00 3.566544724743086814e+00 4.646112974456420019e+00 4.651048785978383115e+00
1.360000000000000000e+02 -4.646663472004806117e+00 -4.641297074118627464e+00 -3.566982492473626642e+00 -3.537360225314890361e+00 -1.689778328434863752e+00 -1.641568443019115753e+00 1.641568443019115087e+00 1.689778328434862864e+00 3.537360225314888584e+00 3.566982492473624866e+00 4.641297074118629240e+00 4.646663472004807893e+00
1.370000000000000000e+02 -4.642159284189154356e+00 -4.636338743253334727e+00 -3.567479698731900406e+00 -3.535454146268492970e+00 -1.720438912325776615e+00 -1.669263474751415233e+00 1.669263474751412346e+00 1.720438912325775282e+00 3.535454146268492082e+00 3.567479698731903071e+00 4.636338743253332950e+00 4.642159284189155244e+00
1.380000000000000000e+02 -4.637536967647303499e+00 -4.631238279573919314e+00 -3.568038101530166095e+00 -3.533496151175291367e+00 -1.751159062074145956e+00 -1.696949716753146209e+00 1.696949716753145543e+00 1.751159062074147066e+00 3.533496151175290922e+00 3.568038101530166095e+00 4.631238279573916650e+00 4.637536967647300834e+00
1.390000000000000000e+02 -4.632797348921526392e+00 -4.625996098572663584e+00 -3.568659307198041475e+00 -3.531487352382037592e+00 -1.781916431475287110e+00 -1.724607552491154161e+00 1.724607552491153273e+00 1.781916431475286222e+00 3.531487352382035372e+00 3.568659307198041475e+00 4.625996098572662696e+00 4.632797348921526392e+00
1.400000000000000000e+02 -4.627941341298839717e+00 -4.620612743441327552e+00 -3.569344758807088791e+00 -3.529428971513882907e+00 -1.812689569551310553e+00 -1.752218384491085024e+00 1.752218384491085690e+00 1.812689569551309221e+00 3.529428971513881574e+00 3.569344758807091456e+00 4.620612743441324000e+00 4.627941341298837941e+00
1.410000000000000000e+02 -4.622969950265503947e+00 -4.615088895618401743e+00 -3.570095724086185474e+00 -3.527322346833782873e+00 -1.843457837214853123e+00 -1.779764564070461574e+00 1.779764564070458244e+00 1.843457837214853123e+00 3.527322346833780653e+00 3.570095724086186362e+00 4.615088895618401743e+00 4.622969950265500394e+00
1.420000000000000000e+02 -4.617884279105608059e+00 -4.609425386013887405e+00 -3.570913282782751885e+00 -3.525168941757497620e+00 -1.874201327535772732e+00 -1.807229326039082373e+00 1.807229326039078154e+00 1.874201327535774730e+00 3.525168941757494512e+00 3.570913282782755438e+00 4.609425386013889181e+00 4.617884279105606282e+00
1.430000000000000000e+02 -4.612685534652743335e+00 -4.603623206966334536e+00 -3.571798313420692317e+00 -3.522970354650855729e+00 -1.904900789251792181e+00 -1.834596728101744345e+00 1.834596728101743901e+00 1.904900789251792848e+00 3.522970354650855729e+00 3.571798313420690540e+00 4.603623206966338977e+00 4.612685534652742447e+00
1.440000000000000000e+02 -4.607375033204996306e+00 -4.597683524991409421e+00 -3.572751479401650165e+00 -3.520728330048703558e+00 -1.935537553129307309e+00 -1.861851594686837030e+00 1.861851594686835920e+00 1.935537553129307753e+00 3.520728330048703558e+00 3.572751479401653274e+00 4.597683524991410309e+00 4.607375033204993642e+00
1.450000000000000000e+02 -4.601954206614760956e+00 -4.591607694385104743e+00 -3.573773214392185871e+00 -3.518444771448775654e+00 -1.966093460754725353e+00 -1.888979464921059170e+00 1.888979464921057172e+00 1.966093460754725131e+00 3.518444771448775654e+00 3.573773214392189423e+00 4.591607694385100302e+00 4.601954206614757403e+00
1.460000000000000000e+02 -4.596424608566177739e+00 -4.585397271749399373e+00 -3.574863706935082597e+00 -3.516121755849178854e+00 -1.996550795316465621e+00 -1.915966544472776922e+00 1.915966544472773814e+00 1.996550795316466953e+00 3.516121755849176633e+00 3.574863706935081709e+00 4.585397271749403814e+00 4.596424608566175074e+00
1.470000000000000000e+02 -4.590787921054374721e+00 -4.579054031512093559e+00 -3.576022884219553610e+00 -3.513761550214542062e+00 -2.026892213922204977e+00 -1.942799660992925892e+00 1.942799660992925004e+00 2.026892213922206754e+00 3.513761550214539398e+00 3.576022884219553166e+00 4.579054031512090894e+00 4.590787921054374721e+00
1.480000000000000000e+02 -4.585045961082025556e+00 -4.572579982516486119e+00 -3.577250394941459355e+00 -3.511366630073711192e+00 -2.057100680982804519e+00 -1.969466222891477880e+00 1.969466222891478546e+00 2.057100680982805407e+00 3.511366630073707196e+00 3.577250394941457134e+00 4.572579982516486119e+00 4.585045961082026444e+00
1.490000000000000000e+02 -4.579200687590277319e+00 -4.565977385760515261e+00 -3.578545591181798269e+00 -3.508939700470458334e+00 -2.087159402183199397e+00 -1.995954181198456245e+00 1.995954181198455357e+00 2.087159402183196732e+00 3.508939700470459666e+00 3.578545591181798269e+00 4.565977385760515261e+00 4.579200687590274654e+00
1.500000000000000000e+02 -4.573254208642548058e+00 -4.559248773367623464e+00 -3.579907509229865781e+00 -3.506483719508317165e+00 -2.117051758550271945e+00 -2.022251994270220177e+00 2.022251994270218844e+00 2.117051758550270613e+00 3.506483719508319830e+00 3.579907509229866225e+00 4.559248773367625240e+00 4.573254208642546281e+00
1.510000000000000000e+02 -4.567208788881186088e+00 -4.552396968874231398e+00 -3.581334849276394117e+00 -3.504001924750225427e+00 -2.146761240118562952e+00 -2.048348595113971271e+00 2.048348595113971715e+00 2.146761240118565173e+00 3.504001924750224983e+00 3.581334849276395005e+00 4.552396968874232286e+00 4.567208788881184311e+00
1.520000000000000000e+02 -4.561066857278563980e+00 -4.545425108919603829e+00 -3.582825953902744942e+00 -3.501497862753203627e+00 -2.176271378686277735e+00 -2.074233361115215946e+00 2.074233361115212837e+00 2.176271378686279956e+00 3.501497862753198742e+00 3.582825953902745830e+00 4.545425108919605606e+00 4.561066857278562203e+00
1.530000000000000000e+02 -4.554831015205722977e+00 -4.538336666423774979e+00 -3.584378785294675573e+00 -3.498975422036088467e+00 -2.205565679147426295e+00 -2.099896085964413128e+00 2.099896085964410464e+00 2.205565679147426295e+00 3.498975422036086247e+00 3.584378785294675129e+00 4.538336666423776755e+00 4.554831015205722977e+00
1.540000000000000000e+02 -4.548504044843243221e+00 -4.531135475336515839e+00 -3.585990901114286089e+00 -3.496438869793582871e+00 -2.234627548882078152e+00 -2.125326953589484535e+00 2.125326953589483203e+00 2.234627548882078152e+00 3.496438869793580206e+00 3.585990901114286533e+00 4.531135475336516727e+00 4.548504044843243221e+00
1.550000000000000000e+02 -4.542088917960537486e+00 -4.523825757035651485e+00 -3.587659428972045816e+00 -3.493892892679943962e+00 -2.263440224687325752e+00 -2.150516513910260663e+00 2.150516513910259775e+00 2.263440224687327085e+00 3.493892892679940854e+00 3.587659428972048481e+00 4.523825757035649708e+00 4.542088917960538375e+00
1.560000000000000000e+02 -4.535588805091240516e+00 -4.516412148444389985e+00 -3.589381039452973710e+00 -3.491342641988509854e+00 -2.291986696739443552e+00 -2.175455660239098421e+00 2.175455660239096645e+00 2.291986696739443108e+00 3.491342641988512074e+00 3.589381039452974154e+00 4.516412148444386432e+00 4.535588805091238740e+00
1.570000000000000000e+02 -4.529007085133841315e+00 -4.508899731924904231e+00 -3.591151917668373272e+00 -3.488793783544502869e+00 -2.320249629096424737e+00 -2.200135608158673151e+00 2.200135608158668266e+00 2.320249629096418964e+00 3.488793783544502425e+00 3.591151917668373272e+00 4.508899731924905119e+00 4.529007085133843979e+00
1.580000000000000000e+02 -4.522347355407929648e+00 -4.501294066987200360e+00 -3.592967733327944391e+00 -3.486252552603521071e+00 -2.348211276284583260e+00 -2.224547875713127620e+00 2.224547875713126732e+00 2.348211276284583704e+00 3.486252552603514854e+00 3.592967733327945279e+00 4.501294066987198583e+00 4.522347355407931424e+00
1.590000000000000000e+02 -4.515613442197520477e+00 -4.493601223827753621e+00 -3.594823609358026584e+00 -3.483725814000533383e+00 -2.375853395569824666e+00 -2.248684264752411455e+00 2.248684264752411455e+00 2.375853395569824666e+00 3.483725814000534271e+00 3.594823609358026140e+00 4.493601223827754509e+00 4.515613442197517813e+00
1.600000000000000000e+02 -4.508809411813944124e+00 -4.485827818679382517e+00 -3.596714089131950232e+00 -3.481221127714820618e+00 -2.403157154601910594e+00 -2.272536843271481644e+00 2.272536843271482088e+00 2.403157154601909262e+00 3.481221127714822838e+00 3.596714089131951564e+00 4.485827818679378964e+00 4.508809411813942347e+00
1.610000000000000000e+02 -4.501939582211213597e+00 -4.477981050910916139e+00 -3.598633102429737995e+00 -3.478746819894440456e+00 -2.430103034250393090e+00 -2.296097928586325221e+00 2.296097928586325221e+00 2.430103034250390426e+00 3.478746819894438680e+00 3.598633102429739772e+00 4.477981050910914362e+00 4.501939582211215374e+00
1.620000000000000000e+02 -4.495008535187019483e+00 -4.470068741760310438e+00 -3.600573930308820003e+00 -3.476312059205767913e+00 -2.456670726636962065e+00 -2.319360071186987504e+00 2.319360071186987948e+00 2.456670726636960289e+00 3.476312059205770133e+00 3.600573930308821335e+00 4.470068741760310438e+00 4.495008535187021259e+00
1.630000000000000000e+02 -4.488021129202003578e+00 -4.462099374515235972e+00 -3.602529169147549837e+00 -3.473926938121156383e+00 -2.482839028629554523e+00 -2.342316039104335168e+00 2.342316039104333392e+00 2.482839028629555411e+00 3.473926938121151942e+00 3.602529169147548949e+00 4.462099374515241301e+00 4.488021129202007131e+00
1.640000000000000000e+02 -4.480982512849067234e+00 -4.454082135869074754e+00 -3.604490694221692770e+00 -3.471602558409732531e+00 -2.508585731419414877e+00 -2.364958802621818013e+00 2.364958802621818013e+00 2.508585731419413545e+00 3.471602558409735195e+00 3.604490694221693214e+00 4.454082135869075643e+00 4.480982512849066346e+00
1.650000000000000000e+02 -4.473898139002193908e+00 -4.446026958073993285e+00 -3.606449623293510598e+00 -3.469351119627916979e+00 -2.533887507279689366e+00 -2.387281519156116527e+00 2.387281519156115195e+00 2.533887507279685813e+00 3.469351119627920532e+00 3.606449623293510598e+00 4.446026958073989732e+00 4.473898139002195684e+00
1.660000000000000000e+02 -4.466773779671422417e+00 -4.437944561384493447e+00 -3.608396280836373649e+00 -3.467186008786649065e+00 -2.558719795232320404e+00 -2.409277518121103689e+00 2.409277518121103245e+00 2.558719795232321292e+00 3.467186008786648621e+00 3.608396280836374537e+00 4.437944561384492559e+00 4.466773779671421529e+00
1.670000000000000000e+02 -4.459615541585765008e+00 -4.429846496131125022e+00 -3.610320163688014894e+00 -3.465121888571347508e+00 -2.583056688161338155e+00 -2.430940285578222060e+00 2.430940285578221172e+00 2.583056688161337711e+00 3.465121888571345288e+00 3.610320163688013562e+00 4.429846496131125910e+00 4.459615541585765008e+00
1.680000000000000000e+02 -4.452429882519763460e+00 -4.421745183582979521e+00 -3.612209909124486362e+00 -3.463174780474908676e+00 -2.606870824937562503e+00 -2.452263448462796980e+00 2.452263448462797868e+00 2.606870824937558506e+00 3.463174780474913117e+00 3.612209909124487250e+00 4.421745183582979521e+00 4.452429882519765236e+00
1.690000000000000000e+02 -4.445223628370664315e+00 -4.413653954547896774e+00 -3.614053266576649825e+00 -3.461362137946403905e+00 -2.630133292390581357e+00 -2.473240758160330621e+00 2.473240758160327069e+00 2.630133292390580468e+00 3.461362137946407014e+00 3.614053266576649825e+00 4.413653954547895886e+00 4.445223628370663427e+00
1.700000000000000000e+02 -4.438003990981932212e+00 -4.405587084420091060e+00 -3.615837074471338397e+00 -3.459702903142463093e+00 -2.652813543494988657e+00 -2.493866073189142885e+00 2.493866073189142440e+00 2.652813543494989545e+00 3.459702903142462205e+00 3.615837074471337953e+00 4.405587084420094612e+00 4.438003990981933100e+00
1.710000000000000000e+02 -4.430778586694248844e+00 -4.397559823118643685e+00 -3.617547243969133408e+00 -3.458217539101930527e+00 -2.674879339922858534e+00 -2.514133340726127930e+00 2.514133340726128374e+00 2.674879339922861199e+00 3.458217539101927418e+00 3.617547243969135184e+00 4.397559823118640132e+00 4.430778586694248844e+00
1.720000000000000000e+02 -4.423555455586257956e+00 -4.389588418070784037e+00 -3.619168751684747054e+00 -3.456928027193092223e+00 -2.696296729107914292e+00 -2.534036576690557485e+00 2.534036576690557485e+00 2.696296729107913404e+00 3.456928027193090003e+00 3.619168751684749274e+00 4.389588418070784925e+00 4.423555455586257956e+00
1.730000000000000000e+02 -4.416343081343820032e+00 -4.381690128090527381e+00 -3.620685643806491605e+00 -3.455857817613721128e+00 -2.717030068062933790e+00 -2.553569844077294704e+00 2.553569844077296036e+00 2.717030068062932013e+00 3.455857817613718908e+00 3.620685643806490717e+00 4.381690128090527381e+00 4.416343081343820920e+00
1.740000000000000000e+02 -4.409150411666681535e+00 -4.373883225697449362e+00 -3.622081054364718167e+00 -3.455031718748647229e+00 -2.737042108199926105e+00 -2.572727229205190369e+00 2.572727229205192145e+00 2.737042108199922996e+00 3.455031718748645009e+00 3.622081054364720387e+00 4.373883225697447585e+00 4.409150411666681535e+00
1.750000000000000000e+02 -4.401986879084803128e+00 -4.366186985133784226e+00 -3.623337240716086427e+00 -3.454475709611116052e+00 -2.756294157020846125e+00 -2.591502815519130642e+00 2.591502815519130198e+00 2.756294157020849234e+00 3.454475709611112944e+00 3.623337240716089980e+00 4.366186985133778897e+00 4.401986879084804016e+00
1.760000000000000000e+02 -4.394862422011254210e+00 -4.358621653094661319e+00 -3.624435639584430824e+00 -3.454216658845020937e+00 -2.774746333343406146e+00 -2.609890654555531597e+00 2.609890654555532485e+00 2.774746333343405702e+00 3.454216658845019161e+00 3.624435639584433044e+00 4.358621653094659543e+00 4.394862422011254210e+00
1.770000000000000000e+02 -4.387787505803349752e+00 -4.351208399021517792e+00 -3.625356947196087365e+00 -3.454281934409676680e+00 -2.792357932139431398e+00 -2.627884733651134397e+00 2.627884733651132620e+00 2.792357932139430510e+00 3.454281934409673127e+00 3.625356947196088697e+00 4.351208399021517792e+00 4.387787505803352417e+00
1.780000000000000000e+02 -4.380773143537043168e+00 -4.343969241763127265e+00 -3.626081227125435014e+00 -3.454698890766260355e+00 -2.809087912434921730e+00 -2.645478939944420738e+00 2.645478939944421182e+00 2.809087912434920398e+00 3.454698890766255914e+00 3.626081227125434125e+00 4.343969241763124600e+00 4.380773143537045833e+00
1.790000000000000000e+02 -4.373830916119366030e+00 -4.336926949530267805e+00 -3.626588049377158285e+00 -3.455494225800926245e+00 -2.824895516386763727e+00 -2.662667020188600020e+00 2.662667020188599576e+00 2.824895516386763727e+00 3.455494225800924468e+00 3.626588049377160061e+00 4.336926949530263364e+00 4.373830916119363366e+00
1.800000000000000000e+02 -4.366972991268889714e+00 -4.330104910409391827e+00 -3.626856663923589519e+00 -3.456693208365877457e+00 -2.839741019101918784e+00 -2.679442535865666386e+00 2.679442535865665942e+00 2.839741019101917896e+00 3.456693208365875680e+00 3.626856663923589963e+00 4.330104910409392716e+00 4.366972991268890603e+00
1.810000000000000000e+02 -4.360212140782467216e+00 -4.323526971307063427e+00 -3.626866211337106183e+00 -3.458318789326349396e+00 -2.853586596871239056e+00 -2.695798813064369082e+00 2.695798813064367305e+00 2.853586596871236392e+00 3.458318789326350728e+00 3.626866211337104406e+00 4.323526971307061650e+00 4.360212140782461887e+00
1.820000000000000000e+02 -4.353561755376864184e+00 -4.317217244111404284e+00 -3.626595972267093959e+00 -3.460390623855029713e+00 -2.866397286767997432e+00 -2.711728886562605467e+00 2.711728886562602359e+00 2.866397286767997876e+00 3.460390623855026604e+00 3.626595972267093515e+00 4.317217244111404284e+00 4.353561755376865960e+00
1.830000000000000000e+02 -4.347035856245805796e+00 -4.311199879101901722e+00 -3.626025656282006349e+00 -3.462924049035282170e+00 -2.878141994390820191e+00 -2.727225437540133246e+00 2.727225437540129249e+00 2.878141994390819747e+00 3.462924049035280394e+00 3.626025656282007681e+00 4.311199879101902610e+00 4.347035856245805796e+00
1.840000000000000000e+02 -4.340649102305492946e+00 -4.305498807208914869e+00 -3.625135729031723208e+00 -3.465929076314111956e+00 -2.888794491219926819e+00 -2.742280724343862275e+00 2.742280724343859610e+00 2.888794491219925931e+00 3.465929076314110624e+00 3.625135729031725873e+00 4.305498807208914869e+00 4.340649102305492057e+00
1.850000000000000000e+02 -4.334416791917582223e+00 -4.300137454575451379e+00 -3.623907774822554551e+00 -3.469409469966246551e+00 -2.898334331620725735e+00 -2.756886505741201976e+00 2.756886505741202420e+00 2.898334331620724846e+00 3.469409469966242554e+00 3.623907774822556327e+00 4.300137454575449603e+00 4.334416791917583112e+00
1.860000000000000000e+02 -4.328354857679451051e+00 -4.295138434914472114e+00 -3.622324889620903932e+00 -3.473361987333371648e+00 -2.906747615126260786e+00 -2.771033956133576392e+00 2.771033956133573728e+00 2.906747615126264339e+00 3.473361987333365875e+00 3.622324889620906152e+00 4.295138434914471226e+00 4.328354857679451051e+00
1.870000000000000000e+02 -4.322479852664519839e+00 -4.290523227244844584e+00 -3.620372097343111495e+00 -3.477775851734139501e+00 -2.914027524706912065e+00 -2.784713572272243365e+00 2.784713572272241588e+00 2.914027524706908956e+00 3.477775851734140833e+00 3.620372097343112827e+00 4.290523227244842808e+00 4.322479852664519839e+00
1.880000000000000000e+02 -4.316808926288463688e+00 -4.286311848542139202e+00 -3.618036780221478121e+00 -3.482632513758566528e+00 -2.920174587125585308e+00 -2.797915071133867837e+00 2.797915071133868281e+00 2.920174587125584420e+00 3.482632513758562975e+00 3.618036780221477233e+00 4.286311848542139202e+00 4.316808926288467241e+00
1.890000000000000000e+02 -4.311359787783948683e+00 -4.282522532441564778e+00 -3.615309112259748936e+00 -3.487905732531393799e+00 -2.925196625800049688e+00 -2.810627278790221339e+00 2.810627278790216010e+00 2.925196625800047467e+00 3.487905732531394687e+00 3.615309112259748936e+00 4.282522532441566554e+00 4.311359787783946906e+00
1.900000000000000000e+02 -4.306150655104779901e+00 -4.279171426158622005e+00 -3.612182483505184116e+00 -3.493561979007590690e+00 -2.929108406278265964e+00 -2.822838010365223749e+00 2.822838010365222416e+00 2.929108406278265520e+00 3.493561979007592910e+00 3.612182483505185893e+00 4.279171426158621117e+00 4.306150655104778124e+00
1.910000000000000000e+02 -4.301200186974273976e+00 -4.276272318055866606e+00 -3.608653902236447664e+00 -3.499561133431984494e+00 -2.931931004470651914e+00 -2.834533941538594615e+00 2.834533941538592394e+00 2.931931004470650581e+00 3.499561133431984494e+00 3.608653902236449440e+00 4.276272318055866606e+00 4.301200186974275752e+00
1.920000000000000000e+02 -4.296527395770739055e+00 -4.273836407652191305e+00 -3.604724362296018558e+00 -3.505857423884136015e+00 -2.933690953017105141e+00 -2.845700472559015370e+00 2.845700472559012706e+00 2.933690953017103364e+00 3.505857423884137347e+00 3.604724362296018114e+00 4.273836407652193969e+00 4.296527395770739055e+00
1.930000000000000000e+02 -4.292151539040871100e+00 -4.271872128307599326e+00 -3.600399163682359127e+00 -3.512400536255997796e+00 -2.934419237643212774e+00 -2.856321586407423396e+00 2.856321586407420732e+00 2.934419237643212330e+00 3.512400536255996464e+00 3.600399163682358239e+00 4.271872128307598437e+00 4.292151539040871100e+00
1.940000000000000000e+02 -4.288091987687687734e+00 -4.270385030398948345e+00 -3.595688176044709916e+00 -3.519136819858744936e+00 -2.934150221256135005e+00 -2.866379703642066623e+00 2.866379703642065291e+00 2.934150221256133229e+00 3.519136819858744492e+00 3.595688176044710360e+00 4.270385030398943904e+00 4.288091987687690398e+00
1.950000000000000000e+02 -4.284368069333381435e+00 -4.269377729718023318e+00 -3.590606036661970091e+00 -3.526010516578000686e+00 -2.932920569355181417e+00 -2.875855537603241974e+00 2.875855537603241974e+00 2.932920569355179641e+00 3.526010516577998466e+00 3.590606036661969203e+00 4.269377729718024206e+00 4.284368069333381435e+00
1.960000000000000000e+02 -4.280998886045623841e+00 -4.268849922352112358e+00 -3.585172276520236068e+00 -3.532964952711032502e+00 -2.930768238430232930e+00 -2.884727955094697371e+00 2.884727955094695595e+00 2.930768238430232486e+00 3.532964952711032058e+00 3.585172276520237400e+00 4.268849922352114135e+00 4.280998886045624729e+00
1.970000000000000000e+02 -4.278003106565336999e+00 -4.268798463780274055e+00 -3.579411369874039295e+00 -3.539943648020271727e+00 -2.927731572671978366e+00 -2.892973849416154319e+00 2.892973849416153431e+00 2.927731572671977922e+00 3.539943648020270395e+00 3.579411369874040183e+00 4.268798463780272279e+00 4.278003106565337887e+00
1.980000000000000000e+02 -4.275398734393938582e+00 -4.269217506670291762e+00 -3.573352703849747680e+00 -3.546891312835213750e+00 -2.923848536800904618e+00 -2.900568034696924258e+00 2.900568034696922481e+00 2.923848536800903730e+00 3.546891312835211529e+00 3.573352703849748568e+00 4.269217506670296203e+00 4.275398734393941247e+00
1.990000000000000000e+02 -4.273202854571741760e+00 -4.270098689179889107e+00 -3.567030464983281135e+00 -3.553754718645646626e+00 -2.919156096738398265e+00 -2.907483172829485873e+00 2.907483172829486318e+00 2.919156096738396045e+00 3.553754718645647070e+00 3.567030464983280247e+00 4.270098689179887330e+00 4.273202854571741760e+00
2.000000000000000000e+02 -4.271431363654587088e+00 -4.271431363654586200e+00 -3.560483438988500726e+00 -3.560483438988499394e+00 -2.913689746809303482e+00 -2.913689746809302594e+00 2.913689746809301706e+00 2.913689746809302594e+00 3.560483438988500726e+00 3.560483438988500726e+00 4.271431363654586200e+00 4.271431363654587088e+00
2.010000000000000000e+02 -4.271069752798593022e+00 -4.271069752798593022e+00 -3.560445916251213649e+00 -3.560445916251212317e+00 -2.914411155014824839e+00 -2.914411155014824395e+00 2.914411155014821730e+00 2.914411155014822175e+00 3.560445916251211873e+00 3.560445916251213649e+00 4.271069752798591246e+00 4.271069752798595687e+00
2.020000000000000000e+02 -4.269986019825470436e+00 -4.269986019825466883e+00 -3.560333027530699024e+00 -3.560333027530696803e+00 -2.916571814071761803e+00 -2.916571814071760471e+00 2.916571814071760471e+00 2.916571814071761359e+00 3.560333027530696803e+00 3.560333027530699468e+00 4.269986019825467771e+00 4.269986019825467771e+00
2.030000000000000000e+02 -4.268183475211641209e+00 -4.268183475211636768e+00 -3.560143807551786832e+00 -3.560143807551786388e+00 -2.920161049481420523e+00 -2.920161049481420079e+00 2.920161049481418747e+00 2.920161049481420523e+00 3.560143807551785944e+00 3.560143807551786832e+00 4.268183475211639433e+00 4.268183475211641209e+00
2.040000000000000000e+02 -4.265667675690198557e+00 -4.265667675690196781e+00 -3.559876634955116526e+00 -3.559876634955116081e+00 -2.925161143416131537e+00 -2.925161143416131093e+00 2.925161143416129761e+00 2.925161143416131093e+00 3.559876634955115193e+00 3.559876634955116526e+00 4.265667675690194116e+00 4.265667675690196781e+00
2.050000000000000000e+02 -4.262446484212432551e+00 -4.262446484212431663e+00 -3.559529213204666309e+00 -3.559529213204665865e+00 -2.931547440989253683e+00 -2.931547440989252351e+00 2.931547440989251463e+00 2.931547440989253683e+00 3.559529213204665421e+00 3.559529213204666753e+00 4.262446484212430775e+00 4.262446484212434328e+00
2.060000000000000000e+02 -4.258530156017644508e+00 -4.258530156017643620e+00 -3.559098543390248004e+00 -3.559098543390248004e+00 -2.939288492635510952e+00 -2.939288492635509176e+00 2.939288492635508732e+00 2.939288492635509620e+00 3.559098543390248892e+00 3.559098543390249780e+00 4.258530156017643620e+00 4.258530156017645396e+00
2.070000000000000000e+02 -4.253931452973674254e+00 -4.253931452973673366e+00 -3.558580888494817351e+00 -3.558580888494817351e+00 -2.948346226364915612e+00 -2.948346226364913836e+00 2.948346226364913836e+00 2.948346226364914280e+00 3.558580888494816907e+00 3.558580888494818240e+00 4.253931452973672478e+00 4.253931452973672478e+00
2.080000000000000000e+02 -4.248665789018951422e+00 -4.248665789018948757e+00 -3.557971728638593678e+00 -3.557971728638590569e+00 -2.958676142078352278e+00 -2.958676142078350058e+00 2.958676142078351390e+00 2.958676142078351390e+00 3.557971728638591458e+00 3.557971728638593678e+00 4.248665789018947869e+00 4.248665789018949646e+00
2.090000000000000000e+02 -4.242751410232093789e+00 -4.242751410232092013e+00 -3.557265706823744100e+00 -3.557265706823740992e+00 -2.970227518673630662e+00 -2.970227518673629774e+00 2.970227518673628442e+00 2.970227518673629330e+00 3.557265706823741880e+00 3.557265706823743656e+00 4.242751410232092013e+00 4.242751410232094678e+00
2.100000000000000000e+02 -4.236209613768872728e+00 -4.236209613768871840e+00 -3.556456564827772837e+00 -3.556456564827769284e+00 -2.982943623311141490e+00 -2.982943623311140158e+00 2.982943623311138381e+00 2.982943623311139714e+00 3.556456564827770617e+00 3.556456564827771061e+00 4.236209613768872728e+00 4.236209613768875393e+00
2.110000000000000000e+02 -4.229065010617284237e+00 -4.229065010617279796e+00 -3.555537069197694411e+00 -3.555537069197691746e+00 -2.996761910908438686e+00 -2.996761910908436466e+00 2.996761910908436466e+00 2.996761910908437354e+00 3.555537069197691302e+00 3.555537069197691302e+00 4.229065010617282461e+00 4.229065010617282461e+00
2.120000000000000000e+02 -4.221345837787859878e+00 -4.221345837787858102e+00 -3.554498927883040782e+00 -3.554498927883040782e+00 -3.011614200624352478e+00 -3.011614200624351145e+00 3.011614200624349813e+00 3.011614200624350701e+00 3.554498927883039894e+00 3.554498927883042558e+00 4.221345837787857214e+00 4.221345837787858990e+00
2.130000000000000000e+02 -4.213084326107418676e+00 -4.213084326107416011e+00 -3.553332699071393375e+00 -3.553332699071388934e+00 -3.027426814672214306e+00 -3.027426814672213418e+00 3.027426814672213418e+00 3.027426814672213862e+00 3.553332699071388934e+00 3.553332699071389378e+00 4.213084326107416899e+00 4.213084326107417787e+00
2.140000000000000000e+02 -4.204317130104269218e+00 -4.204317130104267441e+00 -3.552027695494770931e+00 -3.552027695494766490e+00 -3.044120663116917314e+00 -3.044120663116916425e+00 3.044120663116915981e+00 3.044120663116916425e+00 3.552027695494767379e+00 3.552027695494767379e+00 4.204317130104268330e+00 4.204317130104269218e+00
2.150000000000000000e+02 -4.195085826383836647e+00 -4.195085826383835759e+00 -3.550571890225042271e+00 -3.550571890225040939e+00 -3.061611256143159654e+00 -3.061611256143158766e+00 3.061611256143156989e+00 3.061611256143157878e+00 3.550571890225041827e+00 3.550571890225041827e+00 4.195085826383836647e+00 4.195085826383837535e+00
2.160000000000000000e+02 -4.185437486126762252e+00 -4.185437486126761364e+00 -3.548951834325198007e+00 -3.548951834325195343e+00 -3.079808622309737842e+00 -3.079808622309737842e+00 3.079808622309737842e+00 3.079808622309738286e+00 3.548951834325195787e+00 3.548951834325196231e+00 4.185437486126762252e+00 4.185437486126762252e+00
2.170000000000000000e+02 -4.175425325508044239e+00 -4.175425325508042462e+00 -3.547152603514974967e+00 -3.547152603514972746e+00 -3.098617107037468177e+00 -3.098617107037467289e+00 3.098617107037466845e+00 3.098617107037466845e+00 3.547152603514973190e+00 3.547152603514974079e+00 4.175425325508042462e+00 4.175425325508043350e+00
2.180000000000000000e+02 -4.165109434385649401e+00 -4.165109434385649401e+00 -3.545157801523262986e+00 -3.545157801523256325e+00 -3.117935019250594131e+00 -3.117935019250593243e+00 3.117935019250592799e+00 3.117935019250593687e+00 3.545157801523257657e+00 3.545157801523258989e+00 4.165109434385647624e+00 4.165109434385649401e+00
2.190000000000000000e+02 -4.154557577793529966e+00 -4.154557577793529077e+00 -3.542949663981177721e+00 -3.542949663981175945e+00 -3.137654084473771920e+00 -3.137654084473771032e+00 3.137654084473770588e+00 3.137654084473772365e+00 3.542949663981175057e+00 3.542949663981175057e+00 4.154557577793527301e+00 4.154557577793529077e+00
2.200000000000000000e+02 -4.143846055627371072e+00 -4.143846055627370184e+00 -3.540509331513831182e+00 -3.540509331513828517e+00 -3.157658647765789084e+00 -3.157658647765788640e+00 3.157658647765787752e+00 3.157658647765788640e+00 3.540509331513829405e+00 3.540509331513831182e+00 4.143846055627369296e+00 4.143846055627371072e+00
2.210000000000000000e+02 -4.133060592251692533e+00 -4.133060592251690757e+00 -3.537817398596408758e+00 -3.537817398596406093e+00 -3.177824546324022670e+00 -3.177824546324022226e+00 3.177824546324020893e+00 3.177824546324022670e+00 3.537817398596407870e+00 3.537817398596408314e+00 4.133060592251690757e+00 4.133060592251691645e+00
2.220000000000000000e+02 -4.122297208288669523e+00 -4.122297208288666859e+00 -3.534854902501876506e+00 -3.534854902501874729e+00 -3.198017533947879354e+00 -3.198017533947878022e+00 3.198017533947877578e+00 3.198017533947881130e+00 3.534854902501872509e+00 3.534854902501872953e+00 4.122297208288668635e+00 4.122297208288672188e+00
2.230000000000000000e+02 -4.111663000408280588e+00 -4.111663000408279700e+00 -3.531605004261650027e+00 -3.531605004261649583e+00 -3.218091078979044450e+00 -3.218091078979043562e+00 3.218091078979044006e+00 3.218091078979045339e+00 3.531605004261649139e+00 3.531605004261649583e+00 4.111663000408278812e+00 4.111663000408282365e+00
2.240000000000000000e+02 -4.101276720987222291e+00 -4.101276720987222291e+00 -3.528055745042347091e+00 -3.528055745042343982e+00 -3.237883260317873102e+00 -3.237883260317873102e+00 3.237883260317872658e+00 3.237883260317873546e+00 3.528055745042344427e+00 3.528055745042344427e+00 4.101276720987221402e+00 4.101276720987222291e+00
2.250000000000000000e+02 -4.091269008973514865e+00 -4.091269008973513976e+00 -3.524204454066154568e+00 -3.524204454066152348e+00 -3.257212334357209915e+00 -3.257212334357209027e+00 3.257212334357208139e+00 3.257212334357210803e+00 3.524204454066153236e+00 3.524204454066153680e+00 4.091269008973513976e+00 4.091269008973514865e+00
2.260000000000000000e+02 -4.081782079843561561e+00 -4.081782079843559785e+00 -3.520064651030850644e+00 -3.520064651030846203e+00 -3.275870322658992695e+00 -3.275870322658991807e+00 3.275870322658990919e+00 3.275870322658992695e+00 3.520064651030846647e+00 3.520064651030847536e+00 4.081782079843559785e+00 4.081782079843560673e+00
2.270000000000000000e+02 -4.072968644107772818e+00 -4.072968644107771041e+00 -3.515676603307631876e+00 -3.515676603307627435e+00 -3.293613691598093141e+00 -3.293613691598092696e+00 3.293613691598092696e+00 3.293613691598094473e+00 3.515676603307627879e+00 3.515676603307628323e+00 4.072968644107771041e+00 4.072968644107771929e+00
2.280000000000000000e+02 -4.064989804022442144e+00 -4.064989804022441255e+00 -3.511122900757625676e+00 -3.511122900757624787e+00 -3.310150012659335506e+00 -3.310150012659335061e+00 3.310150012659335950e+00 3.310150012659336394e+00 3.511122900757621679e+00 3.511122900757624787e+00 4.064989804022441255e+00 4.064989804022442144e+00
2.290000000000000000e+02 -4.058011696496076404e+00 -4.058011696496074627e+00 -3.506549896075696893e+00 -3.506549896075693784e+00 -3.325119988841325203e+00 -3.325119988841324314e+00 3.325119988841325647e+00 3.325119988841326979e+00 3.506549896075694672e+00 3.506549896075695116e+00 4.058011696496074627e+00 4.058011696496075515e+00
2.300000000000000000e+02 -4.052200729430267323e+00 -4.052200729430266435e+00 -3.502192929832536716e+00 -3.502192929832533164e+00 -3.338077082221219793e+00 -3.338077082221219349e+00 3.338077082221217573e+00 3.338077082221219793e+00 3.502192929832531387e+00 3.502192929832533164e+00 4.052200729430266435e+00 4.052200729430266435e+00
2.310000000000000000e+02 -4.047717417874654444e+00 -4.047717417874651780e+00 -3.498394436933928375e+00 -3.498394436933927487e+00 -3.348475641117370838e+00 -3.348475641117369062e+00 3.348475641117369506e+00 3.348475641117370838e+00 3.498394436933927043e+00 3.498394436933927931e+00 4.047717417874650891e+00 4.047717417874651780e+00
2.320000000000000000e+02 -4.044709068396762142e+00 -4.044709068396760365e+00 -3.495586664878722161e+00 -3.495586664878718608e+00 -3.355695549636596997e+00 -3.355695549636595665e+00 3.355695549636594333e+00 3.355695549636596553e+00 3.495586664878719496e+00 3.495586664878721272e+00 4.044709068396757701e+00 4.044709068396760365e+00
2.330000000000000000e+02 -4.043301857707266578e+00 -4.043301857707265690e+00 -3.494197984976892712e+00 -3.494197984976889604e+00 -3.359143873976962347e+00 -3.359143873976961903e+00 3.359143873976961014e+00 3.359143873976962347e+00 3.494197984976889160e+00 3.494197984976891824e+00 4.043301857707265690e+00 4.043301857707266578e+00
2.340000000000000000e+02 -4.043593138710122048e+00 -4.043593138710121160e+00 -3.494481151477956793e+00 -3.494481151477955017e+00 -3.358434318920220818e+00 -3.358434318920219042e+00 3.358434318920218598e+00 3.358434318920221706e+00 3.494481151477954128e+00 3.494481151477955017e+00 4.043593138710120272e+00 4.043593138710122936e+00
2.350000000000000000e+02 -4.045644986867213078e+00 -4.045644986867213078e+00 -3.496370711698057576e+00 -3.496370711698057132e+00 -3.353536280052802798e+00 -3.353536280052802354e+00 3.353536280052801910e+00 3.353536280052802354e+00 3.496370711698056688e+00 3.496370711698057132e+00 4.045644986867213078e+00 4.045644986867213078e+00
2.360000000000000000e+02 -4.049479976243661739e+00 -4.049479976243659962e+00 -3.499507386108111628e+00 -3.499507386108110296e+00 -3.344754684855197890e+00 -3.344754684855197446e+00 3.344754684855197446e+00 3.344754684855198779e+00 3.499507386108110296e+00 3.499507386108110740e+00 4.049479976243657298e+00 4.049479976243659074e+00
2.370000000000000000e+02 -4.055079901360414851e+00 -4.055079901360414851e+00 -3.503406150276604070e+00 -3.503406150276601849e+00 -3.332563176050556741e+00 -3.332563176050555409e+00 3.332563176050554965e+00 3.332563176050555853e+00 3.503406150276602293e+00 3.503406150276604958e+00 4.055079901360413075e+00 4.055079901360413963e+00
2.380000000000000000e+02 -4.062387680276839497e+00 -4.062387680276837720e+00 -3.507618772342267821e+00 -3.507618772342266045e+00 -3.317439649464577478e+00 -3.317439649464576146e+00 3.317439649464575702e+00 3.317439649464577478e+00 3.507618772342266933e+00 3.507618772342267377e+00 4.062387680276838609e+00 4.062387680276838609e+00
2.390000000000000000e+02 -4.071312116715308349e+00 -4.071312116715305685e+00 -3.511809123348833328e+00 -3.511809123348832440e+00 -3.299786152539336825e+00 -3.299786152539336825e+00 3.299786152539335049e+00 3.299786152539337269e+00 3.511809123348831552e+00 3.511809123348834216e+00 4.071312116715305685e+00 4.071312116715306573e+00
2.400000000000000000e+02 -4.081734732633139906e+00 -4.081734732633136353e+00 -3.515758991998041427e+00 -3.515758991998038763e+00 -3.279916201764318640e+00 -3.279916201764315975e+00 3.279916201764316419e+00 3.279916201764316863e+00 3.515758991998041427e+00 3.515758991998041427e+00 4.081734732633135465e+00 4.081734732633135465e+00
2.410000000000000000e+02 -4.093517637502023021e+00 -4.093517637502023021e+00 -3.519345095500486131e+00 -3.519345095500485687e+00 -3.258069862249936666e+00 -3.258069862249936222e+00 3.258069862249934889e+00 3.258069862249936666e+00 3.519345095500486131e+00 3.519345095500488352e+00 4.093517637502022133e+00 4.093517637502022133e+00
2.420000000000000000e+02 -4.106511414617124878e+00 -4.106511414617118660e+00 -3.522511667014470937e+00 -3.522511667014469605e+00 -3.234433229740239391e+00 -3.234433229740237170e+00 3.234433229740235838e+00 3.234433229740236282e+00 3.522511667014472714e+00 3.522511667014474046e+00 4.106511414617115996e+00 4.106511414617117772e+00
2.430000000000000000e+02 -4.120562222118363316e+00 -4.120562222118363316e+00 -3.525247462551816646e+00 -3.525247462551816646e+00 -3.209154275560840652e+00 -3.209154275560839320e+00 3.209154275560839764e+00 3.209154275560840652e+00 3.525247462551816202e+00 3.525247462551816202e+00 4.120562222118363316e+00 4.120562222118363316e+00
2.440000000000000000e+02 -4.135517620406094608e+00 -4.135517620406092831e+00 -3.527568759930968412e+00 -3.527568759930967524e+00 -3.182353971251131064e+00 -3.182353971251129732e+00 3.182353971251130620e+00 3.182353971251131064e+00 3.527568759930967968e+00 3.527568759930969744e+00 4.135517620406091943e+00 4.135517620406092831e+00
2.450000000000000000e+02 -4.151230944926161293e+00 -4.151230944926159516e+00 -3.529507551537276022e+00 -3.529507551537274246e+00 -3.154133673116477521e+00 -3.154133673116473524e+00 3.154133673116475300e+00 3.154133673116477077e+00 3.529507551537275578e+00 3.529507551537276466e+00 4.151230944926157740e+00 4.151230944926158628e+00
2.460000000000000000e+02 -4.167564278446774573e+00 -4.167564278446772796e+00 -3.531103680997030647e+00 -3.531103680997028427e+00 -3.124579963407316363e+00 -3.124579963407313699e+00 3.124579963407313699e+00 3.124579963407313699e+00 3.531103680997030203e+00 3.531103680997031979e+00 4.167564278446773685e+00 4.167564278446773685e+00
2.470000000000000000e+02 -4.184390218750871249e+00 -4.184390218750866808e+00 -3.532399803909215041e+00 -3.532399803909213265e+00 -3.093767872964146903e+00 -3.093767872964144239e+00 3.093767872964140686e+00 3.093767872964143351e+00 3.532399803909214597e+00 3.532399803909217262e+00 4.184390218750868584e+00 4.184390218750870361e+00
2.480000000000000000e+02 -4.201592696589107057e+00 -4.201592696589105280e+00 -3.533438300344653005e+00 -3.533438300344652117e+00 -3.061763103656749418e+00 -3.061763103656747642e+00 3.061763103656745422e+00 3.061763103656747642e+00 3.533438300344653449e+00 3.533438300344656113e+00 4.201592696589103504e+00 4.201592696589106168e+00
2.490000000000000000e+02 -4.219067099427673107e+00 -4.219067099427670442e+00 -3.534259497726590205e+00 -3.534259497726589760e+00 -3.028623637335066565e+00 -3.028623637335066121e+00 3.028623637335065233e+00 3.028623637335065677e+00 3.534259497726591537e+00 3.534259497726591537e+00 4.219067099427668666e+00 4.219067099427669554e+00
2.500000000000000000e+02 -4.236719924506846979e+00 -4.236719924506844315e+00 -3.534900747936001952e+00 -3.534900747936001508e+00 -2.994400964786334107e+00 -2.994400964786333219e+00 2.994400964786330999e+00 2.994400964786333219e+00 3.534900747936001064e+00 3.534900747936006393e+00 4.236719924506842538e+00 4.236719924506843427e+00
2.510000000000000000e+02 -4.254468139741692134e+00 -4.254468139741688582e+00 -3.535396042541475659e+00 -3.535396042541474326e+00 -2.959141073115262977e+00 -2.959141073115262532e+00 2.959141073115262532e+00 2.959141073115262977e+00 3.535396042541475214e+00 3.535396042541475659e+00 4.254468139741688582e+00 4.254468139741692134e+00
2.520000000000000000e+02 -4.272238385500379820e+00 -4.272238385500379820e+00 -3.535775952397885113e+00 -3.535775952397883781e+00 -2.922885273116210492e+00 -2.922885273116209603e+00 2.922885273116206939e+00 2.922885273116209159e+00 3.535775952397884669e+00 3.535775952397888666e+00 4.272238385500378044e+00 4.272238385500379820e+00
2.530000000000000000e+02 -4.289966110646906472e+00 -4.289966110646906472e+00 -3.536067750688651756e+00 -3.536067750688650868e+00 -2.885670915031596451e+00 -2.885670915031593342e+00 2.885670915031594230e+00 2.885670915031595118e+00 3.536067750688647759e+00 3.536067750688651312e+00 4.289966110646907360e+00 4.289966110646908248e+00
2.540000000000000000e+02 -4.307594704677198294e+00 -4.307594704677197406e+00 -3.536295629095782100e+00 -3.536295629095781212e+00 -2.847532022054145795e+00 -2.847532022054143575e+00 2.847532022054142686e+00 2.847532022054143130e+00 3.536295629095782100e+00 3.536295629095787874e+00 4.307594704677196518e+00 4.307594704677199182e+00
2.550000000000000000e+02 -4.325074664225966536e+00 -4.325074664225965648e+00 -3.536480951161486086e+00 -3.536480951161484754e+00 -2.808499860125701630e+00 -2.808499860125699854e+00 2.808499860125698078e+00 2.808499860125699410e+00 3.536480951161484754e+00 3.536480951161490083e+00 4.325074664225961207e+00 4.325074664225965648e+00
2.560000000000000000e+02 -4.342362815522357700e+00 -4.342362815522356811e+00 -3.536642509741716900e+00 -3.536642509741715568e+00 -2.768603456481223635e+00 -2.768603456481221858e+00 2.768603456481219638e+00 2.768603456481220526e+00 3.536642509741716900e+00 3.536642509741718232e+00 4.342362815522355035e+00 4.342362815522357700e+00
2.570000000000000000e+02 -4.359421603060081196e+00 -4.359421603060078532e+00 -3.536796770270794976e+00 -3.536796770270793644e+00 -2.727870075924576643e+00 -2.727870075924574422e+00 2.727870075924575755e+00 2.727870075924577087e+00 3.536796770270793200e+00 3.536796770270797641e+00 4.359421603060078532e+00 4.359421603060079420e+00
2.580000000000000000e+02 -4.376218447430333391e+00 -4.376218447430332503e+00 -3.536958090924950504e+00 -3.536958090924949172e+00 -2.686325661829209288e+00 -2.686325661829208844e+00 2.686325661829208844e+00 2.686325661829209288e+00 3.536958090924950504e+00 3.536958090924952725e+00 4.376218447430328062e+00 4.376218447430330727e+00
2.590000000000000000e+02 -4.392725170782964206e+00 -4.392725170782964206e+00 -3.537138916510034647e+00 -3.537138916510034647e+00 -2.643995247676360183e+00 -2.643995247676357963e+00 2.643995247676355742e+00 2.643995247676357963e+00 3.537138916510036424e+00 3.537138916510037312e+00 4.392725170782958877e+00 4.392725170782963318e+00
2.600000000000000000e+02 -4.408917485835240235e+00 -4.408917485835240235e+00 -3.537349946263134814e+00 -3.537349946263134814e+00 -2.600903344217825097e+00 -2.600903344217821989e+00 2.600903344217819768e+00 2.600903344217821545e+00 3.537349946263134370e+00 3.537349946263136591e+00 4.408917485835235794e+00 4.408917485835241123e+00
2.610000000000000000e+02 -4.424774543079103672e+00 -4.424774543079102784e+00 -3.537600277602788168e+00 -3.537600277602787280e+00 -2.557074306889542292e+00 -2.557074306889540960e+00 2.557074306889539628e+00 2.557074306889540960e+00 3.537600277602787724e+00 3.537600277602789500e+00 4.424774543079101008e+00 4.424774543079101896e+00
2.620000000000000000e+02 -4.440278530380980193e+00 -4.440278530380978417e+00 -3.537897528756114518e+00 -3.537897528756114518e+00 -2.512532687807941922e+00 -2.512532687807941478e+00 2.512532687807941922e+00 2.512532687807943255e+00 3.537897528756114962e+00 3.537897528756115850e+00 4.440278530380976640e+00 4.440278530380977529e+00
2.630000000000000000e+02 -4.455414319203474527e+00 -4.455414319203473639e+00 -3.538247943505458348e+00 -3.538247943505458348e+00 -2.467303576505946783e+00 -2.467303576505945006e+00 2.467303576505945006e+00 2.467303576505945895e+00 3.538247943505458348e+00 3.538247943505460569e+00 4.455414319203470086e+00 4.455414319203471862e+00
2.640000000000000000e+02 -4.470169151992842593e+00 -4.470169151992839929e+00 -3.538656481271767795e+00 -3.538656481271766907e+00 -2.421412933488171326e+00 -2.421412933488166885e+00 2.421412933488166885e+00 2.421412933488168662e+00 3.538656481271767351e+00 3.538656481271770904e+00 4.470169151992839929e+00 4.470169151992840817e+00
2.650000000000000000e+02 -4.484532365732471604e+00 -4.484532365732470716e+00 -3.539126895538833750e+00 -3.539126895538831530e+00 -2.374887920697934529e+00 -2.374887920697932753e+00 2.374887920697931865e+00 2.374887920697932309e+00 3.539126895538832418e+00 3.539126895538832418e+00 4.484532365732469827e+00 4.484532365732469827e+00
2.660000000000000000e+02 -4.498495147173964703e+00 -4.498495147173964703e+00 -3.539661803315446775e+00 -3.539661803315445887e+00 -2.327757233091706901e+00 -2.327757233091705569e+00 2.327757233091704236e+00 2.327757233091706013e+00 3.539661803315447663e+00 3.539661803315450328e+00 4.498495147173961151e+00 4.498495147173963815e+00
2.670000000000000000e+02 -4.512050315772055065e+00 -4.512050315772054176e+00 -3.540262747989152192e+00 -3.540262747989152192e+00 -2.280051435712350916e+00 -2.280051435712346919e+00 2.280051435712346475e+00 2.280051435712347363e+00 3.540262747989154413e+00 3.540262747989154857e+00 4.512050315772052400e+00 4.512050315772053288e+00
2.680000000000000000e+02 -4.525192130838101789e+00 -4.525192130838100901e+00 -3.540930257578343898e+00 -3.540930257578342122e+00 -2.231803310946034902e+00 -2.231803310946034458e+00 2.231803310946033569e+00 2.231803310946034014e+00 3.540930257578341234e+00 3.540930257578342566e+00 4.525192130838100013e+00 4.525192130838100901e+00
2.690000000000000000e+02 -4.537916119874108034e+00 -4.537916119874105370e+00 -3.541663900058145575e+00 -3.541663900058143355e+00 -2.183048221043894177e+00 -2.183048221043894177e+00 2.183048221043890624e+00 2.183048221043892401e+00 3.541663900058146019e+00 3.541663900058150460e+00 4.537916119874105370e+00 4.537916119874106258e+00
2.700000000000000000e+02 -4.550218925449384777e+00 -4.550218925449384777e+00 -3.542462337129092198e+00 -3.542462337129089978e+00 -2.133824491493842679e+00 -2.133824491493842235e+00 2.133824491493840014e+00 2.133824491493843567e+00 3.542462337129091754e+00 3.542462337129091754e+00 4.550218925449383001e+00 4.550218925449385665e+00
2.710000000000000000e+02 -4.562098168334221882e+00 -4.562098168334220105e+00 -3.543323377520150697e+00 -3.543323377520149364e+00 -2.084173821444844865e+00 -2.084173821444840868e+00 2.084173821444839536e+00 2.084173821444842201e+00 3.543323377520149808e+00 3.543323377520153361e+00 4.562098168334220105e+00 4.562098168334220993e+00
2.720000000000000000e+02 -4.573552324911749345e+00 -4.573552324911748457e+00 -3.544244030670357315e+00 -3.544244030670356871e+00 -2.034141728116372061e+00 -2.034141728116367176e+00 2.034141728116367620e+00 2.034141728116371173e+00 3.544244030670355983e+00 3.544244030670356871e+00 4.573552324911747569e+00 4.573552324911747569e+00
2.730000000000000000e+02 -4.584580617154655258e+00 -4.584580617154654369e+00 -3.545220561415010962e+00 -3.545220561415008298e+00 -1.983778032967529859e+00 -1.983778032967526306e+00 1.983778032967526528e+00 1.983778032967527638e+00 3.545220561415008742e+00 3.545220561415014515e+00 4.584580617154652593e+00 4.584580617154655258e+00
2.740000000000000000e+02 -4.595182913681904679e+00 -4.595182913681903791e+00 -3.546248546111621103e+00 -3.546248546111618438e+00 -1.933137398341000290e+00 -1.933137398340997848e+00 1.933137398340998736e+00 1.933137398340999624e+00 3.546248546111618882e+00 3.546248546111619326e+00 4.595182913681902903e+00 4.595182913681904679e+00
2.750000000000000000e+02 -4.605359640606901728e+00 -4.605359640606899951e+00 -3.547322930475427238e+00 -3.547322930475425462e+00 -1.882279924311555552e+00 -1.882279924311554664e+00 1.882279924311553776e+00 1.882279924311555108e+00 3.547322930475427238e+00 3.547322930475427682e+00 4.605359640606899063e+00 4.605359640606900840e+00
2.760000000000000000e+02 -4.615111701057228899e+00 -4.615111701057228011e+00 -3.548438089251956473e+00 -3.548438089251955585e+00 -1.831271816509150163e+00 -1.831271816509145278e+00 1.831271816509147721e+00 1.831271816509147721e+00 3.548438089251955585e+00 3.548438089251959138e+00 4.615111701057227123e+00 4.615111701057228899e+00
2.770000000000000000e+02 -4.624440402390897376e+00 -4.624440402390895599e+00 -3.549587887732730707e+00 -3.549587887732728042e+00 -1.780186136669849040e+00 -1.780186136669847929e+00 1.780186136669847041e+00 1.780186136669847929e+00 3.549587887732728930e+00 3.549587887732729818e+00 4.624440402390895599e+00 4.624440402390897376e+00
2.780000000000000000e+02 -4.633347390258924392e+00 -4.633347390258923504e+00 -3.550765745017837371e+00 -3.550765745017833819e+00 -1.729103648458295117e+00 -1.729103648458292231e+00 1.729103648458293563e+00 1.729103648458294451e+00 3.550765745017834707e+00 3.550765745017836927e+00 4.633347390258924392e+00 4.633347390258925280e+00
2.790000000000000000e+02 -4.641834588771853731e+00 -4.641834588771853731e+00 -3.551964698843559809e+00 -3.551964698843558477e+00 -1.678113771488668471e+00 -1.678113771488666250e+00 1.678113771488665362e+00 1.678113771488665806e+00 3.551964698843558477e+00 3.551964698843562473e+00 4.641834588771851955e+00 4.641834588771853731e+00
2.800000000000000000e+02 -4.649904146121460968e+00 -4.649904146121460080e+00 -3.553177471723024006e+00 -3.553177471723022229e+00 -1.627315656118081044e+00 -1.627315656118077047e+00 1.627315656118077714e+00 1.627315656118078158e+00 3.553177471723023118e+00 3.553177471723027558e+00 4.649904146121460080e+00 4.649904146121461856e+00
2.810000000000000000e+02 -4.657558385090356801e+00 -4.657558385090355912e+00 -3.554396538091205926e+00 -3.554396538091205038e+00 -1.576819390004553734e+00 -1.576819390004552179e+00 1.576819390004552179e+00 1.576819390004554844e+00 3.554396538091203261e+00 3.554396538091206370e+00 4.657558385090355024e+00 4.657558385090357689e+00
2.820000000000000000e+02 -4.664799757953682402e+00 -4.664799757953682402e+00 -3.555614192101235194e+00 -3.555614192101232085e+00 -1.526747343892115305e+00 -1.526747343892113751e+00 1.526747343892111752e+00 1.526747343892114861e+00 3.555614192101235194e+00 3.555614192101236970e+00 4.664799757953678849e+00 4.664799757953680626e+00
2.830000000000000000e+02 -4.671630805339850312e+00 -4.671630805339847647e+00 -3.556822615685243605e+00 -3.556822615685242717e+00 -1.477235657585414197e+00 -1.477235657585412865e+00 1.477235657585411532e+00 1.477235657585413531e+00 3.556822615685240940e+00 3.556822615685243161e+00 4.671630805339847647e+00 4.671630805339848536e+00
2.840000000000000000e+02 -4.678054118672852368e+00 -4.678054118672852368e+00 -3.558013946469044786e+00 -3.558013946469043454e+00 -1.428435856194481879e+00 -1.428435856194478548e+00 1.428435856194478992e+00 1.428435856194481879e+00 3.558013946469044342e+00 3.558013946469044786e+00 4.678054118672848816e+00 4.678054118672849704e+00
2.850000000000000000e+02 -4.684072305867932329e+00 -4.684072305867930552e+00 -3.559180345114458355e+00 -3.559180345114458355e+00 -1.380516569595016785e+00 -1.380516569595015008e+00 1.380516569595013232e+00 1.380516569595013454e+00 3.559180345114458799e+00 3.559180345114461907e+00 4.684072305867929664e+00 4.684072305867930552e+00
2.860000000000000000e+02 -4.689687959996216904e+00 -4.689687959996215127e+00 -3.560314061655043716e+00 -3.560314061655043272e+00 -1.333665302307295075e+00 -1.333665302307294187e+00 1.333665302307290634e+00 1.333665302307291967e+00 3.560314061655044604e+00 3.560314061655044604e+00 4.689687959996216016e+00 4.689687959996216904e+00
2.870000000000000000e+02 -4.694903630673121775e+00 -4.694903630673119999e+00 -3.561407500389703884e+00 -3.561407500389703440e+00 -1.288090163923684583e+00 -1.288090163923683473e+00 1.288090163923682141e+00 1.288090163923683029e+00 3.561407500389702996e+00 3.561407500389704772e+00 4.694903630673117334e+00 4.694903630673119110e+00
2.880000000000000000e+02 -4.699721797960097369e+00 -4.699721797960097369e+00 -3.562453282902967810e+00 -3.562453282902963370e+00 -1.244021419092971925e+00 -1.244021419092969261e+00 1.244021419092970149e+00 1.244021419092972147e+00 3.562453282902965590e+00 3.562453282902966478e+00 4.699721797960095593e+00 4.699721797960099146e+00
2.890000000000000000e+02 -4.704144848600572359e+00 -4.704144848600571471e+00 -3.563444308790277404e+00 -3.563444308790277404e+00 -1.201712649033065405e+00 -1.201712649033061409e+00 1.201712649033062297e+00 1.201712649033064073e+00 3.563444308790277404e+00 3.563444308790278292e+00 4.704144848600571471e+00 4.704144848600571471e+00
2.900000000000000000e+02 -4.708175054438483720e+00 -4.708175054438483720e+00 -3.564373813680461467e+00 -3.564373813680458802e+00 -1.161441234154604540e+00 -1.161441234154602986e+00 1.161441234154601210e+00 1.161441234154602320e+00 3.564373813680459246e+00 3.564373813680464131e+00 4.708175054438482832e+00 4.708175054438484608e+00
2.910000000000000000e+02 -4.711814552892431784e+00 -4.711814552892429120e+00 -3.565235424165225098e+00 -3.565235424165224654e+00 -1.123507775171599610e+00 -1.123507775171598722e+00 1.123507775171598944e+00 1.123507775171600054e+00 3.565235424165224210e+00 3.565235424165225542e+00 4.711814552892429120e+00 4.711814552892430008e+00
2.920000000000000000e+02 -4.715065329380101922e+00 -4.715065329380098369e+00 -3.566023209266633298e+00 -3.566023209266633298e+00 -1.088233982064825467e+00 -1.088233982064823913e+00 1.088233982064823246e+00 1.088233982064824135e+00 3.566023209266631078e+00 3.566023209266634630e+00 4.715065329380096593e+00 4.715065329380102810e+00
2.930000000000000000e+02 -4.717929201606501977e+00 -4.717929201606501977e+00 -3.566731728097303211e+00 -3.566731728097302323e+00 -1.055958502724090309e+00 -1.055958502724089199e+00 1.055958502724087866e+00 1.055958502724089421e+00 3.566731728097300991e+00 3.566731728097303655e+00 4.717929201606501088e+00 4.717929201606503753e+00
2.940000000000000000e+02 -4.720407805645982613e+00 -4.720407805645982613e+00 -3.567356073394443605e+00 -3.567356073394443161e+00 -1.027030176658122462e+00 -1.027030176658122240e+00 1.027030176658121796e+00 1.027030176658122240e+00 3.567356073394443605e+00 3.567356073394444049e+00 4.720407805645980837e+00 4.720407805645981725e+00
2.950000000000000000e+02 -4.722502583762124395e+00 -4.722502583762123507e+00 -3.567891910637375208e+00 -3.567891910637371655e+00 -1.001798335516069560e+00 -1.001798335516068672e+00 1.001798335516067562e+00 1.001798335516068894e+00 3.567891910637372987e+00 3.567891910637372987e+00 4.722502583762122619e+00 4.722502583762125283e+00
2.960000000000000000e+02 -4.724214773921517008e+00 -4.724214773921514343e+00 -3.568335512488331140e+00 -3.568335512488323591e+00 -9.806000805144048371e-01 -9.806000805144037269e-01 9.806000805144007293e-01 9.806000805144027277e-01 3.568335512488324923e+00 3.568335512488328032e+00 4.724214773921517008e+00 4.724214773921517008e+00
2.970000000000000000e+02 -4.725545400967445353e+00 -4.725545400967440024e+00 -3.568683788328242734e+00 -3.568683788328242734e+00 -9.637449670275444191e-01 -9.637449670275441971e-01 9.637449670275441971e-01 9.637449670275444191e-01 3.568683788328244511e+00 3.568683788328244955e+00 4.725545400967438248e+00 4.725545400967441800e+00
2.980000000000000000e+02 -4.726495269427806178e+00 -4.726495269427803514e+00 -3.568934308692246038e+00 -3.568934308692243373e+00 -9.514981732413412274e-01 -9.514981732413408944e-01 9.514981732413407833e-01 9.514981732413412274e-01 3.568934308692242485e+00 3.568934308692242929e+00 4.726495269427802626e+00 4.726495269427803514e+00
2.990000000000000000e+02 -4.727064957938432066e+00 -4.727064957938432066e+00 -3.569085324443682428e+00 -3.569085324443680207e+00 -9.440638855149140474e-01 -9.440638855149123820e-01 9.440638855149123820e-01 9.440638855149137143e-01 3.569085324443677543e+00 3.569085324443679763e+00 4.727064957938434731e+00 4.727064957938434731e+00
