0.000000000000000000e+00 -4.838743909745881311e+00 -4.838743909745879535e+00 -3.746162389251527447e+00 -3.746162389251526115e+00 -1.172121196617916361e+00 -1.172121196617915251e+00 1.172121196617916139e+00 1.172121196617917693e+00 3.746162389251528335e+00 3.746162389251528779e+00 4.838743909745879535e+00 4.838743909745880423e+00
1.000000000000000000e+00 -4.838459366120451577e+00 -4.838457740877878166e+00 -3.746068415272502783e+00 -3.746060615923056947e+00 -1.174763746123860697e+00 -1.174745569394574307e+00 1.174745569394574751e+00 1.174763746123860697e+00 3.746060615923057391e+00 3.746068415272503227e+00 4.838457740877879054e+00 4.838459366120448912e+00
2.000000000000000000e+00 -4.837608825414943858e+00 -4.837595823666993589e+00 -3.745802695133776616e+00 -3.745740332594867716e+00 -1.182685775229503466e+00 -1.182541435155178622e+00 1.182541435155181286e+00 1.182685775229501912e+00 3.745740332594870825e+00 3.745802695133776172e+00 4.837595823666992700e+00 4.837608825414942970e+00
3.000000000000000000e+00 -4.836196687295980290e+00 -4.836152807521885144e+00 -3.745390380317735524e+00 -3.745180088387391137e+00 -1.195817087577162319e+00 -1.195335819311492243e+00 1.195335819311491798e+00 1.195817087577162097e+00 3.745180088387390693e+00 3.745390380317738632e+00 4.836152807521886032e+00 4.836196687295981178e+00
4.000000000000000000e+00 -4.834227050639028356e+00 -4.834123043272017028e+00 -3.744857669374757059e+00 -3.744359803363014993e+00 -1.214010232033289949e+00 -1.212888204363408384e+00 1.212888204363408606e+00 1.214010232033289061e+00 3.744359803363018990e+00 3.744857669374758835e+00 4.834123043272019693e+00 4.834227050639025691e+00
5.000000000000000000e+00 -4.831703738586524466e+00 -4.831500609869924467e+00 -3.744231689262022655e+00 -3.743260814138567039e+00 -1.237050506127509220e+00 -1.234903805484157902e+00 1.234903805484157679e+00 1.237050506127509664e+00 3.743260814138565706e+00 3.744231689262024876e+00 4.831500609869925356e+00 4.831703738586526242e+00
6.000000000000000000e+00 -4.828630333488078463e+00 -4.828279351712454925e+00 -3.743540361146906914e+00 -3.741865906885119664e+00 -1.264669010934658555e+00 -1.261048427341326938e+00 1.261048427341326050e+00 1.264669010934658555e+00 3.741865906885120996e+00 3.743540361146910467e+00 4.828279351712456702e+00 4.828630333488076687e+00
7.000000000000000000e+00 -4.825010221439748115e+00 -4.824452926695395050e+00 -3.742812250614805158e+00 -3.740159338831085645e+00 -1.296557080750316837e+00 -1.290963281908202198e+00 1.290963281908204419e+00 1.296557080750317059e+00 3.740159338831088309e+00 3.742812250614803382e+00 4.824452926695394162e+00 4.825010221439747227e+00
8.000000000000000000e+00 -4.820846646075023223e+00 -4.820014865181244446e+00 -3.742076402270949842e+00 -3.738126849615085234e+00 -1.332380533658530375e+00 -1.324278488180231195e+00 1.324278488180231639e+00 1.332380533658530375e+00 3.738126849615082126e+00 3.742076402270944957e+00 4.820014865181244446e+00 4.820846646075030328e+00
9.000000000000000000e+00 -4.816142771197704953e+00 -4.814958640160784675e+00 -3.741362158740042521e+00 -3.735755664086776839e+00 -1.371792552644975016e+00 -1.360624442121201927e+00 1.360624442121201927e+00 1.371792552644973684e+00 3.735755664086780392e+00 3.741362158740042076e+00 4.814958640160787340e+00 4.816142771197706729e+00
1.000000000000000000e+01 -4.810901751790871650e+00 -4.809277749029678084e+00 -3.740698964041503150e+00 -3.733034488430456044e+00 -1.414444468517668252e+00 -1.399640705617976710e+00 1.399640705617977821e+00 1.414444468517665809e+00 3.733034488430450715e+00 3.740698964041501817e+00 4.809277749029681637e+00 4.810901751790872538e+00
1.100000000000000000e+01 -4.805126812889352728e+00 -4.802965807588232217e+00 -3.740116151245389542e+00 -3.729953501794086357e+00 -1.459994152332745765e+00 -1.440982430382693247e+00 1.440982430382694801e+00 1.459994152332747319e+00 3.729953501794085025e+00 3.740116151245388654e+00 4.802965807588235769e+00 4.805126812889352728e+00
1.200000000000000000e+01 -4.798821335769487995e+00 -4.796016657111899839e+00 -3.739642714187372263e+00 -3.726504345955805597e+00 -1.508112062244072016e+00 -1.484324573764294497e+00 1.484324573764293609e+00 1.508112062244071572e+00 3.726504345955807374e+00 3.739642714187376704e+00 4.796016657111900727e+00 4.798821335769489771e+00
1.300000000000000000e+01 -4.791988950892063670e+00 -4.788424485640980777e+00 -3.739307062830993011e+00 -3.722680115963916236e+00 -1.558485204187129547e+00 -1.529364285613825203e+00 1.529364285613824759e+00 1.558485204187129547e+00 3.722680115963918457e+00 3.739307062830993456e+00 4.788424485640982553e+00 4.791988950892062782e+00
1.400000000000000000e+01 -4.784633637034719555e+00 -4.780183965010818881e+00 -3.739136761600857728e+00 -3.718475355165253848e+00 -1.610819369407266111e+00 -1.575821876727039328e+00 1.575821876727040216e+00 1.610819369407267443e+00 3.718475355165253848e+00 3.739136761600861725e+00 4.780183965010816216e+00 4.784633637034717779e+00
1.500000000000000000e+01 -4.776759826070970938e+00 -4.771290405601450679e+00 -3.739158249657079214e+00 -3.713886058617382080e+00 -1.664840033105208450e+00 -1.623440752730086922e+00 1.623440752730090253e+00 1.664840033105206230e+00 3.713886058617383412e+00 3.739158249657076993e+00 4.771290405601452456e+00 4.776759826070970050e+00
1.600000000000000000e+01 -4.768372512896081439e+00 -4.761739931345525534e+00 -3.739396541622512338e+00 -3.708909689598821391e+00 -1.720292268403757818e+00 -1.671986640737232355e+00 1.671986640737233465e+00 1.720292268403756930e+00 3.708909689598822723e+00 3.739396541622515890e+00 4.761739931345522869e+00 4.768372512896082327e+00
1.700000000000000000e+01 -4.759477370066639068e+00 -4.751529678215187680e+00 -3.739874906689009126e+00 -3.703545214838629640e+00 -1.776939974115828713e+00 -1.721246369785415009e+00 1.721246369785413677e+00 1.776939974115829823e+00 3.703545214838630528e+00 3.739874906689012235e+00 4.751529678215192121e+00 4.759477370066638180e+00
1.800000000000000000e+01 -4.750080866812540492e+00 -4.740658020239076897e+00 -3.740614523292074445e+00 -3.697793165250017999e+00 -1.834564651252424072e+00 -1.771026402155708723e+00 1.771026402155710722e+00 1.834564651252422296e+00 3.697793165250020220e+00 3.740614523292073557e+00 4.740658020239079562e+00 4.750080866812541380e+00
1.900000000000000000e+01 -4.740190392198048386e+00 -4.729124828110533585e+00 -3.741634105624885187e+00 -3.691655730463384355e+00 -1.892963902406914700e+00 -1.821151257347555230e+00 1.821151257347556784e+00 1.892963902406914256e+00 3.691655730463385243e+00 3.741634105624887852e+00 4.729124828110534473e+00 4.740190392198045721e+00
2.000000000000000000e+01 -4.729814382354241786e+00 -4.716931766675621418e+00 -3.742949497127315617e+00 -3.685136897437283565e+00 -1.951949775150140010e+00 -1.871461925759676737e+00 1.871461925759678069e+00 1.951949775150147115e+00 3.685136897437281789e+00 3.742949497127316505e+00 4.716931766675624971e+00 4.729814382354237345e+00
2.100000000000000000e+01 -4.718962451880647890e+00 -4.704082639078537298e+00 -3.744573224693392266e+00 -3.678242646050603692e+00 -2.011347026838555152e+00 -1.921814334811327907e+00 1.921814334811328129e+00 2.011347026838555152e+00 3.678242646050606801e+00 3.744573224693398483e+00 4.704082639078533745e+00 4.718962451880648779e+00
2.200000000000000000e+01 -4.707645529720901223e+00 -4.690583787142000638e+00 -3.746514005647895829e+00 -3.670981218076486474e+00 -2.070991353179011174e+00 -1.972077904951652361e+00 1.972077904951655247e+00 2.070991353179011618e+00 3.670981218076486474e+00 3.746514005647892720e+00 4.690583787142001526e+00 4.707645529720902111e+00
2.300000000000000000e+01 -4.695876000059802990e+00 -4.676444559722512828e+00 -3.748776197506099805e+00 -3.663363480623103463e+00 -2.130727594889158194e+00 -2.022134215025350290e+00 2.022134215025349846e+00 2.130727594889161303e+00 3.663363480623102575e+00 3.748776197506096253e+00 4.676444559722518157e+00 4.695876000059800326e+00
2.400000000000000000e+01 -4.683667849071595946e+00 -4.661677863351072482e+00 -3.751359178114510584e+00 -3.655403411426960680e+00 -2.190407913815929142e+00 -2.071875784096348205e+00 2.071875784096347317e+00 2.190407913815933583e+00 3.655403411426961124e+00 3.751359178114518578e+00 4.661677863351068929e+00 4.683667849071595946e+00
2.500000000000000000e+01 -4.671036818677192670e+00 -4.646300812475629094e+00 -3.754256640962036151e+00 -3.647118741879210813e+00 -2.249889909805567800e+00 -2.121204968603975338e+00 2.121204968603977115e+00 2.249889909805566024e+00 3.647118741879213033e+00 3.754256640962038372e+00 4.646300812475630870e+00 4.671036818677191782e+00
2.600000000000000000e+01 -4.658000568850092726e+00 -4.630335500042447094e+00 -3.757455787287525606e+00 -3.638531805127369623e+00 -2.309034630351268103e+00 -2.170032968440515742e+00 2.170032968440516630e+00 2.309034630351269435e+00 3.638531805127374064e+00 3.757455787287528715e+00 4.630335500042447983e+00 4.658000568850090062e+00
2.700000000000000000e+01 -4.644578850456761998e+00 -4.613809912876548402e+00 -3.760936393226074870e+00 -3.629670652028403666e+00 -2.367704404495961423e+00 -2.218278932263892944e+00 2.218278932263893832e+00 2.367704404495958315e+00 3.629670652028406330e+00 3.760936393226076202e+00 4.613809912876549291e+00 4.644578850456760222e+00
2.800000000000000000e+01 -4.630793691140230095e+00 -4.596759020058825307e+00 -3.764669726947978745e+00 -3.620570518381149849e+00 -2.425760408554447523e+00 -2.265869150391166986e+00 2.265869150391168318e+00 2.425760408554450631e+00 3.620570518381151182e+00 3.764669726947982298e+00 4.596759020058827971e+00 4.630793691140232760e+00
2.900000000000000000e+01 -4.616669597371402034e+00 -4.579226065652158617e+00 -3.768617288182428915e+00 -3.611275754142081240e+00 -2.483059841907548915e+00 -2.312736322434138181e+00 2.312736322434137737e+00 2.483059841907551135e+00 3.611275754142082128e+00 3.768617288182429803e+00 4.579226065652161282e+00 4.616669597371402922e+00
3.000000000000000000e+01 -4.602233776520044728e+00 -4.561264098576416792e+00 -3.772729341850631801e+00 -3.601842360469110993e+00 -2.539452554705418308e+00 -2.358818886050535024e+00 2.358818886050536356e+00 2.539452554705415199e+00 3.601842360469112769e+00 3.772729341850634022e+00 4.561264098576415016e+00 4.602233776520046504e+00
3.100000000000000000e+01 -4.587516383657645136e+00 -4.542937770184950708e+00 -3.776943220803197221e+00 -3.592341323630979133e+00 -2.594776925274960178e+00 -2.404060392500412036e+00 2.404060392500413368e+00 2.594776925274960178e+00 3.592341323630982242e+00 3.776943220803199885e+00 4.542937770184952484e+00 4.587516383657646912e+00
3.200000000000000000e+01 -4.572550798819508877e+00 -4.524325420810741072e+00 -3.781181383278184427e+00 -3.582862983067277352e+00 -2.648854736112753905e+00 -2.448408913887101690e+00 2.448408913887100358e+00 2.648854736112756125e+00 3.582862983067276907e+00 3.781181383278184871e+00 4.524325420810743736e+00 4.572550798819507101e+00
3.300000000000000000e+01 -4.557373941644602411e+00 -4.505521454883433030e+00 -3.785349234109571803e+00 -3.573522713248693528e+00 -2.701484754329004367e+00 -2.491816465827433547e+00 2.491816465827434879e+00 2.701484754329005700e+00 3.573522713248697524e+00 3.785349234109568695e+00 4.505521454883435695e+00 4.557373941644596194e+00
3.400000000000000000e+01 -4.542026631690814220e+00 -4.486638962106289874e+00 -3.789332763110682123e+00 -3.564468206650640347e+00 -2.752434713996755100e+00 -2.534238427644873060e+00 2.534238427644874392e+00 2.752434713996755100e+00 3.564468206650640347e+00 3.789332763110679902e+00 4.486638962106292539e+00 4.542026631690815108e+00
3.500000000000000000e+01 -4.526554004285308963e+00 -4.467812468422952321e+00 -3.792996130808689248e+00 -3.555888552108400713e+00 -2.801431490003657654e+00 -2.575632939800568622e+00 2.575632939800568622e+00 2.801431490003658986e+00 3.555888552108400713e+00 3.792996130808688360e+00 4.467812468422957650e+00 4.526554004285305410e+00
3.600000000000000000e+01 -4.511005993470729614e+00 -4.449200581509157537e+00 -3.796179454642894857e+00 -3.548024972503219132e+00 -2.848149582271019220e+00 -2.615960254910537408e+00 2.615960254910537852e+00 2.848149582271016111e+00 3.548024972503218688e+00 3.796179454642897522e+00 4.449200581509157537e+00 4.511005993470731390e+00
3.700000000000000000e+01 -4.495437895336539036e+00 -4.430988119040993212e+00 -3.798697230446862250e+00 -3.541182265968576992e+00 -2.892198847853618471e+00 -2.655182014001459923e+00 2.655182014001459923e+00 2.892198847853615362e+00 3.541182265968573439e+00 3.798697230446862250e+00 4.430988119040995876e+00 4.495437895336543477e+00
3.800000000000000000e+01 -4.479911026543160979e+00 -4.413387072707264380e+00 -3.800338066287710870e+00 -3.535738297660210527e+00 -2.933114114633916802e+00 -2.693260413167247957e+00 2.693260413167250178e+00 2.933114114633914582e+00 3.535738297660216745e+00 3.800338066287711314e+00 4.413387072707266157e+00 4.479911026543165420e+00
3.900000000000000000e+01 -4.464493493710188332e+00 -4.396635495111848257e+00 -3.800866680913669526e+00 -3.532145932585565085e+00 -2.970352266532975793e+00 -2.730157216865328085e+00 2.730157216865327197e+00 2.970352266532974461e+00 3.532145932585569081e+00 3.800866680913669526e+00 4.396635495111850034e+00 4.464493493710189220e+00
4.000000000000000000e+01 -4.449261088753336146e+00 -4.380993185390089195e+00 -3.800029343005277838e+00 -3.530917830931555645e+00 -3.003306360279959897e+00 -2.765832561860435135e+00 2.765832561860437799e+00 3.003306360279959897e+00 3.530917830931555201e+00 3.800029343005279170e+00 4.380993185390090083e+00 4.449261088753337035e+00
4.100000000000000000e+01 -4.434298321868011428e+00 -4.366733057326498191e+00 -3.797563936528912443e+00 -3.532581853697968288e+00 -3.031349011231259105e+00 -2.800243479113436962e+00 2.800243479113438738e+00 3.031349011231257329e+00 3.532581853697968288e+00 3.797563936528912443e+00 4.366733057326499967e+00 4.434298321868006987e+00
4.200000000000000000e+01 -4.419699595460444996e+00 -4.354127528726778884e+00 -3.793215405553832742e+00 -3.537599212483521161e+00 -3.053912908477159682e+00 -2.833342038210959313e+00 2.833342038210959313e+00 3.053912908477157906e+00 3.537599212483526046e+00 3.793215405553833630e+00 4.354127528726776220e+00 4.419699595460446773e+00
4.300000000000000000e+01 -4.405570505451422925e+00 -4.343430354209614208e+00 -3.786756279285561355e+00 -3.546255406670697496e+00 -3.070598427304843447e+00 -2.865072988430412249e+00 2.865072988430411804e+00 3.070598427304842559e+00 3.546255406670699717e+00 3.786756279285562687e+00 4.343430354209616873e+00 4.405570505451427366e+00
4.400000000000000000e+01 -4.392029225841135975e+00 -4.334855953580807331e+00 -3.778010388487879734e+00 -3.558561193559265146e+00 -3.081271135642147385e+00 -2.895370730402720305e+00 2.895370730402719417e+00 3.081271135642145609e+00 3.558561193559268254e+00 3.778010388487879734e+00 4.334855953580806442e+00 4.392029225841136864e+00
4.500000000000000000e+01 -4.379207881014164805e+00 -4.328559916584809208e+00 -3.766876306876999703e+00 -3.574213176770132172e+00 -3.086099703042410436e+00 -2.924155401560639245e+00 2.924155401560639689e+00 3.086099703042407771e+00 3.574213176770135725e+00 3.766876306877002367e+00 4.328559916584810985e+00 4.379207881014163917e+00
4.600000000000000000e+01 -4.367253729026393749e+00 -4.324625068281333640e+00 -3.753346407351482394e+00 -3.592637652902573198e+00 -3.085510747623204875e+00 -2.951327799086528092e+00 2.951327799086530312e+00 3.085510747623203098e+00 3.592637652902575862e+00 3.753346407351484171e+00 4.324625068281334528e+00 4.367253729026397302e+00
4.700000000000000000e+01 -4.356329859272668692e+00 -4.323056518612820476e+00 -3.737518442218748849e+00 -3.613093182956161886e+00 -3.080085449947198573e+00 -2.976762805707786619e+00 2.976762805707786175e+00 3.080085449947199905e+00 3.613093182956164107e+00 3.737518442218748405e+00 4.323056518612824917e+00 4.356329859272668692e+00
4.800000000000000000e+01 -4.346614946207121299e+00 -4.323786643908266392e+00 -3.719599061706912124e+00 -3.634781665923124905e+00 -3.070448613913966174e+00 -3.000300954624012473e+00 3.000300954624014249e+00 3.070448613913967506e+00 3.634781665923126237e+00 3.719599061706911680e+00 4.323786643908272609e+00 4.346614946207122188e+00
4.900000000000000000e+01 -4.338301410520085000e+00 -4.326688104764885523e+00 -3.699901460900530736e+00 -3.656931006157533748e+00 -3.057187731037548595e+00 -3.021737837542427751e+00 3.021737837542426419e+00 3.057187731037549039e+00 3.656931006157534636e+00 3.699901460900529848e+00 4.326688104764889076e+00 4.338301410520086776e+00
5.000000000000000000e+01 -4.331591168621141463e+00 -4.331591168621141463e+00 -3.678840873528088640e+00 -3.678840873528088196e+00 -3.040811367871206095e+00 -3.040811367871206095e+00 3.040811367871205206e+00 3.040811367871207871e+00 3.678840873528089528e+00 3.678840873528091748e+00 4.331591168621138799e+00 4.331591168621141463e+00
5.100000000000000000e+01 -4.338301410520085000e+00 -4.326688104764885523e+00 -3.699901460900531625e+00 -3.656931006157533748e+00 -3.057187731037548595e+00 -3.021737837542426863e+00 3.021737837542428196e+00 3.057187731037547707e+00 3.656931006157534636e+00 3.699901460900532513e+00 4.326688104764886411e+00 4.338301410520090329e+00
5.200000000000000000e+01 -4.346614946207121299e+00 -4.323786643908268168e+00 -3.719599061706912124e+00 -3.634781665923122684e+00 -3.070448613913965286e+00 -3.000300954624012917e+00 3.000300954624012029e+00 3.070448613913965730e+00 3.634781665923124905e+00 3.719599061706913012e+00 4.323786643908268168e+00 4.346614946207124852e+00
5.300000000000000000e+01 -4.356329859272667804e+00 -4.323056518612824917e+00 -3.737518442218747960e+00 -3.613093182956163663e+00 -3.080085449947198573e+00 -2.976762805707785287e+00 2.976762805707786175e+00 3.080085449947199461e+00 3.613093182956164107e+00 3.737518442218750181e+00 4.323056518612824028e+00 4.356329859272665139e+00
5.400000000000000000e+01 -4.367253729026395526e+00 -4.324625068281330087e+00 -3.753346407351484615e+00 -3.592637652902574974e+00 -3.085510747623202210e+00 -2.951327799086530312e+00 2.951327799086528536e+00 3.085510747623203542e+00 3.592637652902573642e+00 3.753346407351484615e+00 4.324625068281332751e+00 4.367253729026390197e+00
5.500000000000000000e+01 -4.379207881014164805e+00 -4.328559916584808320e+00 -3.766876306877001923e+00 -3.574213176770133060e+00 -3.086099703042407771e+00 -2.924155401560639689e+00 2.924155401560637468e+00 3.086099703042410880e+00 3.574213176770134393e+00 3.766876306877002811e+00 4.328559916584809208e+00 4.379207881014169246e+00
5.600000000000000000e+01 -4.392029225841138640e+00 -4.334855953580805554e+00 -3.778010388487881066e+00 -3.558561193559267810e+00 -3.081271135642146053e+00 -2.895370730402722526e+00 2.895370730402722081e+00 3.081271135642147385e+00 3.558561193559266478e+00 3.778010388487880622e+00 4.334855953580806442e+00 4.392029225841137752e+00
5.700000000000000000e+01 -4.405570505451424701e+00 -4.343430354209611544e+00 -3.786756279285561355e+00 -3.546255406670699273e+00 -3.070598427304841227e+00 -2.865072988430411804e+00 2.865072988430411360e+00 3.070598427304843447e+00 3.546255406670698829e+00 3.786756279285561799e+00 4.343430354209615984e+00 4.405570505451427366e+00
5.800000000000000000e+01 -4.419699595460448549e+00 -4.354127528726774443e+00 -3.793215405553833630e+00 -3.537599212483526490e+00 -3.053912908477156574e+00 -2.833342038210959313e+00 2.833342038210960201e+00 3.053912908477161903e+00 3.537599212483522049e+00 3.793215405553833630e+00 4.354127528726775331e+00 4.419699595460450325e+00
5.900000000000000000e+01 -4.434298321868008763e+00 -4.366733057326497303e+00 -3.797563936528911999e+00 -3.532581853697967400e+00 -3.031349011231258217e+00 -2.800243479113435630e+00 2.800243479113434741e+00 3.031349011231258217e+00 3.532581853697970065e+00 3.797563936528912443e+00 4.366733057326498191e+00 4.434298321868011428e+00
6.000000000000000000e+01 -4.449261088753336146e+00 -4.380993185390084754e+00 -3.800029343005277838e+00 -3.530917830931558310e+00 -3.003306360279960341e+00 -2.765832561860436023e+00 2.765832561860436023e+00 3.003306360279963449e+00 3.530917830931556978e+00 3.800029343005279170e+00 4.380993185390090972e+00 4.449261088753334370e+00
6.100000000000000000e+01 -4.464493493710190108e+00 -4.396635495111847369e+00 -3.800866680913672191e+00 -3.532145932585569525e+00 -2.970352266532973573e+00 -2.730157216865326308e+00 2.730157216865328529e+00 2.970352266532976238e+00 3.532145932585566417e+00 3.800866680913671303e+00 4.396635495111850034e+00 4.464493493710189220e+00
6.200000000000000000e+01 -4.479911026543158314e+00 -4.413387072707265268e+00 -3.800338066287710426e+00 -3.535738297660216745e+00 -2.933114114633912806e+00 -2.693260413167249734e+00 2.693260413167249734e+00 2.933114114633915914e+00 3.535738297660214080e+00 3.800338066287711314e+00 4.413387072707267045e+00 4.479911026543164532e+00
6.300000000000000000e+01 -4.495437895336541700e+00 -4.430988119040993212e+00 -3.798697230446864026e+00 -3.541182265968575660e+00 -2.892198847853614474e+00 -2.655182014001459034e+00 2.655182014001459034e+00 2.892198847853620247e+00 3.541182265968575216e+00 3.798697230446865358e+00 4.430988119040995876e+00 4.495437895336539924e+00
6.400000000000000000e+01 -4.511005993470730502e+00 -4.449200581509153096e+00 -3.796179454642897078e+00 -3.548024972503216912e+00 -2.848149582271015223e+00 -2.615960254910538740e+00 2.615960254910538296e+00 2.848149582271018776e+00 3.548024972503223129e+00 3.796179454642897522e+00 4.449200581509156649e+00 4.511005993470727837e+00
6.500000000000000000e+01 -4.526554004285306299e+00 -4.467812468422953209e+00 -3.792996130808690580e+00 -3.555888552108398493e+00 -2.801431490003658542e+00 -2.575632939800568622e+00 2.575632939800566845e+00 2.801431490003658986e+00 3.555888552108399825e+00 3.792996130808689692e+00 4.467812468422953209e+00 4.526554004285306299e+00
6.600000000000000000e+01 -4.542026631690813332e+00 -4.486638962106293427e+00 -3.789332763110682123e+00 -3.564468206650639459e+00 -2.752434713996756876e+00 -2.534238427644873504e+00 2.534238427644873948e+00 2.752434713996758653e+00 3.564468206650642124e+00 3.789332763110684787e+00 4.486638962106291650e+00 4.542026631690812444e+00
6.700000000000000000e+01 -4.557373941644596194e+00 -4.505521454883431254e+00 -3.785349234109568251e+00 -3.573522713248696636e+00 -2.701484754329006144e+00 -2.491816465827433991e+00 2.491816465827430882e+00 2.701484754329008808e+00 3.573522713248693528e+00 3.785349234109572247e+00 4.505521454883433918e+00 4.557373941644598858e+00
6.800000000000000000e+01 -4.572550798819507989e+00 -4.524325420810737519e+00 -3.781181383278184871e+00 -3.582862983067275131e+00 -2.648854736112756569e+00 -2.448408913887102578e+00 2.448408913887103466e+00 2.648854736112756569e+00 3.582862983067276019e+00 3.781181383278186647e+00 4.524325420810740184e+00 4.572550798819509765e+00
6.900000000000000000e+01 -4.587516383657646912e+00 -4.542937770184948043e+00 -3.776943220803202106e+00 -3.592341323630982242e+00 -2.594776925274958845e+00 -2.404060392500410259e+00 2.404060392500411147e+00 2.594776925274958401e+00 3.592341323630980021e+00 3.776943220803197221e+00 4.542937770184951596e+00 4.587516383657652241e+00
7.000000000000000000e+01 -4.602233776520046504e+00 -4.561264098576419457e+00 -3.772729341850634910e+00 -3.601842360469112769e+00 -2.539452554705415199e+00 -2.358818886050532804e+00 2.358818886050536801e+00 2.539452554705418308e+00 3.601842360469114990e+00 3.772729341850634466e+00 4.561264098576419457e+00 4.602233776520045616e+00
7.100000000000000000e+01 -4.616669597371400258e+00 -4.579226065652157729e+00 -3.768617288182427139e+00 -3.611275754142081240e+00 -2.483059841907550247e+00 -2.312736322434136405e+00 2.312736322434139513e+00 2.483059841907551579e+00 3.611275754142079908e+00 3.768617288182430247e+00 4.579226065652159505e+00 4.616669597371403810e+00
7.200000000000000000e+01 -4.630793691140231871e+00 -4.596759020058824419e+00 -3.764669726947983630e+00 -3.620570518381151626e+00 -2.425760408554449743e+00 -2.265869150391166986e+00 2.265869150391166542e+00 2.425760408554451519e+00 3.620570518381150293e+00 3.764669726947979633e+00 4.596759020058827083e+00 4.630793691140235424e+00
7.300000000000000000e+01 -4.644578850456759334e+00 -4.613809912876545738e+00 -3.760936393226075314e+00 -3.629670652028405442e+00 -2.367704404495958759e+00 -2.218278932263894720e+00 2.218278932263893832e+00 2.367704404495959203e+00 3.629670652028407218e+00 3.760936393226077090e+00 4.613809912876547514e+00 4.644578850456762886e+00
7.400000000000000000e+01 -4.658000568850088285e+00 -4.630335500042447094e+00 -3.757455787287525162e+00 -3.638531805127371843e+00 -2.309034630351268547e+00 -2.170032968440517518e+00 2.170032968440516630e+00 2.309034630351270323e+00 3.638531805127374952e+00 3.757455787287526050e+00 4.630335500042448871e+00 4.658000568850090062e+00
7.500000000000000000e+01 -4.671036818677191782e+00 -4.646300812475632647e+00 -3.754256640962033931e+00 -3.647118741879213921e+00 -2.249889909805566024e+00 -2.121204968603977559e+00 2.121204968603977559e+00 2.249889909805567356e+00 3.647118741879213921e+00 3.754256640962036595e+00 4.646300812475632647e+00 4.671036818677191782e+00
7.600000000000000000e+01 -4.683667849071595946e+00 -4.661677863351071593e+00 -3.751359178114515913e+00 -3.655403411426960680e+00 -2.190407913815933583e+00 -2.071875784096348205e+00 2.071875784096349093e+00 2.190407913815932694e+00 3.655403411426963789e+00 3.751359178114513249e+00 4.661677863351074258e+00 4.683667849071595946e+00
7.700000000000000000e+01 -4.695876000059800326e+00 -4.676444559722515493e+00 -3.748776197506097141e+00 -3.663363480623101687e+00 -2.130727594889160859e+00 -2.022134215025351622e+00 2.022134215025350290e+00 2.130727594889157306e+00 3.663363480623106128e+00 3.748776197506101138e+00 4.676444559722514605e+00 4.695876000059803879e+00
7.800000000000000000e+01 -4.707645529720902111e+00 -4.690583787141999750e+00 -3.746514005647889611e+00 -3.670981218076486918e+00 -2.070991353179012062e+00 -1.972077904951654137e+00 1.972077904951652805e+00 2.070991353179011618e+00 3.670981218076487806e+00 3.746514005647894940e+00 4.690583787141999750e+00 4.707645529720900335e+00
7.900000000000000000e+01 -4.718962451880648779e+00 -4.704082639078532857e+00 -3.744573224693402480e+00 -3.678242646050605469e+00 -2.011347026838556040e+00 -1.921814334811328129e+00 1.921814334811327907e+00 2.011347026838556928e+00 3.678242646050607689e+00 3.744573224693393154e+00 4.704082639078538186e+00 4.718962451880647890e+00
8.000000000000000000e+01 -4.729814382354236457e+00 -4.716931766675622306e+00 -3.742949497127318725e+00 -3.685136897437281345e+00 -1.951949775150147115e+00 -1.871461925759678291e+00 1.871461925759678957e+00 1.951949775150144673e+00 3.685136897437283121e+00 3.742949497127318281e+00 4.716931766675624083e+00 4.729814382354234681e+00
8.100000000000000000e+01 -4.740190392198044833e+00 -4.729124828110534473e+00 -3.741634105624886519e+00 -3.691655730463384799e+00 -1.892963902406912480e+00 -1.821151257347554564e+00 1.821151257347555230e+00 1.892963902406922028e+00 3.691655730463382579e+00 3.741634105624886075e+00 4.729124828110532697e+00 4.740190392198043057e+00
8.200000000000000000e+01 -4.750080866812540492e+00 -4.740658020239077786e+00 -3.740614523292073113e+00 -3.697793165250019776e+00 -1.834564651252424516e+00 -1.771026402155706281e+00 1.771026402155708723e+00 1.834564651252429401e+00 3.697793165250020664e+00 3.740614523292073557e+00 4.740658020239076009e+00 4.750080866812539604e+00
8.300000000000000000e+01 -4.759477370066638180e+00 -4.751529678215187680e+00 -3.739874906689010903e+00 -3.703545214838630972e+00 -1.776939974115830712e+00 -1.721246369785413233e+00 1.721246369785415453e+00 1.776939974115826715e+00 3.703545214838632749e+00 3.739874906689010459e+00 4.751529678215188568e+00 4.759477370066640844e+00
8.400000000000000000e+01 -4.768372512896081439e+00 -4.761739931345521981e+00 -3.739396541622512782e+00 -3.708909689598823167e+00 -1.720292268403756930e+00 -1.671986640737233909e+00 1.671986640737232799e+00 1.720292268403758706e+00 3.708909689598825832e+00 3.739396541622512782e+00 4.761739931345524646e+00 4.768372512896082327e+00
8.500000000000000000e+01 -4.776759826070969162e+00 -4.771290405601449791e+00 -3.739158249657076993e+00 -3.713886058617384744e+00 -1.664840033105204897e+00 -1.623440752730087144e+00 1.623440752730086478e+00 1.664840033105206452e+00 3.713886058617385189e+00 3.739158249657080102e+00 4.771290405601449791e+00 4.776759826070970050e+00
8.600000000000000000e+01 -4.784633637034716891e+00 -4.780183965010817992e+00 -3.739136761600860392e+00 -3.718475355165252516e+00 -1.610819369407266555e+00 -1.575821876727041548e+00 1.575821876727040660e+00 1.610819369407267443e+00 3.718475355165253848e+00 3.739136761600857728e+00 4.780183965010817992e+00 4.784633637034718667e+00
8.700000000000000000e+01 -4.791988950892063670e+00 -4.788424485640979889e+00 -3.739307062830993011e+00 -3.722680115963917125e+00 -1.558485204187131323e+00 -1.529364285613823427e+00 1.529364285613826091e+00 1.558485204187133544e+00 3.722680115963917125e+00 3.739307062830992567e+00 4.788424485640981665e+00 4.791988950892062782e+00
8.800000000000000000e+01 -4.798821335769488883e+00 -4.796016657111899839e+00 -3.739642714187374484e+00 -3.726504345955808706e+00 -1.508112062244072016e+00 -1.484324573764292721e+00 1.484324573764293609e+00 1.508112062244071794e+00 3.726504345955809150e+00 3.739642714187371819e+00 4.796016657111899839e+00 4.798821335769488883e+00
8.900000000000000000e+01 -4.805126812889351839e+00 -4.802965807588233105e+00 -3.740116151245392651e+00 -3.729953501794083248e+00 -1.459994152332745099e+00 -1.440982430382692581e+00 1.440982430382694579e+00 1.459994152332744433e+00 3.729953501794084580e+00 3.740116151245390430e+00 4.802965807588233993e+00 4.805126812889350951e+00
9.000000000000000000e+01 -4.810901751790875203e+00 -4.809277749029679860e+00 -3.740698964041500041e+00 -3.733034488430451603e+00 -1.414444468517668474e+00 -1.399640705617976488e+00 1.399640705617976266e+00 1.414444468517668474e+00 3.733034488430455600e+00 3.740698964041502261e+00 4.809277749029679860e+00 4.810901751790874314e+00
9.100000000000000000e+01 -4.816142771197704064e+00 -4.814958640160785563e+00 -3.741362158740042076e+00 -3.735755664086778172e+00 -1.371792552644972796e+00 -1.360624442121200595e+00 1.360624442121201927e+00 1.371792552644975682e+00 3.735755664086781724e+00 3.741362158740041632e+00 4.814958640160786452e+00 4.816142771197706729e+00
9.200000000000000000e+01 -4.820846646075024999e+00 -4.820014865181246222e+00 -3.742076402270950730e+00 -3.738126849615081237e+00 -1.332380533658531263e+00 -1.324278488180228530e+00 1.324278488180229862e+00 1.332380533658531041e+00 3.738126849615083458e+00 3.742076402270948954e+00 4.820014865181244446e+00 4.820846646075025888e+00
9.300000000000000000e+01 -4.825010221439747227e+00 -4.824452926695395050e+00 -3.742812250614805603e+00 -3.740159338831085645e+00 -1.296557080750316171e+00 -1.290963281908203530e+00 1.290963281908203530e+00 1.296557080750317725e+00 3.740159338831086977e+00 3.742812250614806935e+00 4.824452926695396826e+00 4.825010221439749003e+00
9.400000000000000000e+01 -4.828630333488078463e+00 -4.828279351712457590e+00 -3.743540361146906914e+00 -3.741865906885119220e+00 -1.264669010934655891e+00 -1.261048427341327827e+00 1.261048427341326938e+00 1.264669010934658999e+00 3.741865906885122328e+00 3.743540361146907802e+00 4.828279351712458478e+00 4.828630333488076687e+00
9.500000000000000000e+01 -4.831703738586523578e+00 -4.831500609869924467e+00 -3.744231689262022655e+00 -3.743260814138568815e+00 -1.237050506127512106e+00 -1.234903805484155015e+00 1.234903805484156569e+00 1.237050506127510774e+00 3.743260814138567927e+00 3.744231689262022211e+00 4.831500609869923579e+00 4.831703738586525354e+00
9.600000000000000000e+01 -4.834227050639029244e+00 -4.834123043272017028e+00 -3.744857669374757947e+00 -3.744359803363016326e+00 -1.214010232033289949e+00 -1.212888204363406164e+00 1.212888204363407274e+00 1.214010232033290171e+00 3.744359803363016326e+00 3.744857669374756615e+00 4.834123043272020581e+00 4.834227050639029244e+00
9.700000000000000000e+01 -4.836196687295981178e+00 -4.836152807521886920e+00 -3.745390380317733747e+00 -3.745180088387389805e+00 -1.195817087577160320e+00 -1.195335819311493575e+00 1.195335819311492243e+00 1.195817087577162097e+00 3.745180088387392470e+00 3.745390380317738188e+00 4.836152807521885144e+00 4.836196687295980290e+00
9.800000000000000000e+01 -4.837608825414942970e+00 -4.837595823666992700e+00 -3.745802695133778393e+00 -3.745740332594869049e+00 -1.182685775229501912e+00 -1.182541435155178400e+00 1.182541435155178844e+00 1.182685775229503466e+00 3.745740332594868160e+00 3.745802695133779281e+00 4.837595823666995365e+00 4.837608825414945635e+00
9.900000000000000000e+01 -4.838459366120448024e+00 -4.838457740877879942e+00 -3.746068415272500562e+00 -3.746060615923054726e+00 -1.174763746123859365e+00 -1.174745569394573863e+00 1.174745569394572531e+00 1.174763746123861141e+00 3.746060615923056059e+00 3.746068415272501895e+00 4.838457740877879054e+00 4.838459366120448024e+00
1.000000000000000000e+02 -4.838743909745881311e+00 -4.838743909745880423e+00 -3.746162389251528335e+00 -3.746162389251527003e+00 -1.172121196617915917e+00 -1.172121196617915251e+00 1.172121196617916361e+00 1.172121196617916583e+00 3.746162389251526559e+00 3.746162389251527891e+00 4.838743909745879535e+00 4.838743909745880423e+00
1.010000000000000000e+02 -4.838672674775782667e+00 -4.838672471619724469e+00 -3.746138398670525671e+00 -3.746137423625904628e+00 -1.172781352961409507e+00 -1.172779076621880412e+00 1.172779076621882410e+00 1.172781352961406842e+00 3.746137423625906848e+00 3.746138398670526115e+00 4.838672471619724469e+00 4.838672674775786220e+00
1.020000000000000000e+02 -4.838459366120450689e+00 -4.838457740877876390e+00 -3.746068415272501895e+00 -3.746060615923052950e+00 -1.174763746123860253e+00 -1.174745569394572531e+00 1.174745569394573863e+00 1.174763746123861585e+00 3.746060615923054726e+00 3.746068415272502339e+00 4.838457740877879054e+00 4.838459366120448024e+00
1.030000000000000000e+02 -4.838104563148704962e+00 -4.838099077988607277e+00 -3.745955477330950245e+00 -3.745929160195361263e+00 -1.178067312981357251e+00 -1.178006156391975034e+00 1.178006156391973924e+00 1.178067312981358361e+00 3.745929160195359930e+00 3.745955477330956018e+00 4.838099077988605501e+00 4.838104563148704074e+00
1.040000000000000000e+02 -4.837608825414945635e+00 -4.837595823666990924e+00 -3.745802695133777505e+00 -3.745740332594869493e+00 -1.182685775229501690e+00 -1.182541435155179732e+00 1.182541435155180620e+00 1.182685775229502356e+00 3.745740332594869493e+00 3.745802695133777060e+00 4.837595823666995365e+00 4.837608825414946523e+00
1.050000000000000000e+02 -4.836972693047428606e+00 -4.836947299297707836e+00 -3.745613247876730334e+00 -3.745491493327124388e+00 -1.188607774374745185e+00 -1.188327405357366251e+00 1.188327405357365363e+00 1.188607774374747406e+00 3.745491493327124388e+00 3.745613247876732554e+00 4.836947299297707836e+00 4.836972693047430383e+00
1.060000000000000000e+02 -4.836196687295981178e+00 -4.836152807521886920e+00 -3.745390380317733747e+00 -3.745180088387388917e+00 -1.195817087577163651e+00 -1.195335819311491132e+00 1.195335819311492465e+00 1.195817087577161209e+00 3.745180088387392026e+00 3.745390380317737300e+00 4.836152807521885144e+00 4.836196687295981178e+00
1.070000000000000000e+02 -4.835281311237679347e+00 -4.835211632988674957e+00 -3.745137399190284100e+00 -3.744803651085075291e+00 -1.204292915636173245e+00 -1.203534584477392588e+00 1.203534584477395031e+00 1.204292915636175021e+00 3.744803651085071738e+00 3.745137399190283212e+00 4.835211632988677621e+00 4.835281311237681123e+00
1.080000000000000000e+02 -4.834227050639028356e+00 -4.834123043272021469e+00 -3.744857669374754394e+00 -3.744359803363015882e+00 -1.214010232033287950e+00 -1.212888204363409939e+00 1.212888204363410827e+00 1.214010232033289283e+00 3.744359803363018990e+00 3.744857669374757059e+00 4.834123043272017028e+00 4.834227050639028356e+00
1.090000000000000000e+02 -4.833034374972641878e+00 -4.832886289953175485e+00 -3.744554609826781011e+00 -3.743846256919129090e+00 -1.224940180300883252e+00 -1.223358243867158190e+00 1.223358243867161077e+00 1.224940180300885029e+00 3.743846256919130422e+00 3.744554609826785452e+00 4.832886289953176373e+00 4.833034374972641878e+00
1.100000000000000000e+02 -4.831703738586526242e+00 -4.831500609869920915e+00 -3.744231689262022655e+00 -3.743260814138564818e+00 -1.237050506127510330e+00 -1.234903805484158346e+00 1.234903805484157902e+00 1.237050506127508998e+00 3.743260814138566150e+00 3.744231689262023099e+00 4.831500609869924467e+00 4.831703738586522690e+00
1.110000000000000000e+02 -4.830235582023469476e+00 -4.829965226533190048e+00 -3.743892421597148523e+00 -3.742601368845580367e+00 -1.250306010519282918e+00 -1.247482003821574370e+00 1.247482003821576368e+00 1.250306010519283584e+00 3.742601368845582144e+00 3.743892421597150300e+00 4.829965226533190048e+00 4.830235582023470364e+00
1.120000000000000000e+02 -4.828630333488074022e+00 -4.828279351712455814e+00 -3.743540361146905582e+00 -3.741865906885120552e+00 -1.264669010934657001e+00 -1.261048427341326050e+00 1.261048427341329381e+00 1.264669010934657445e+00 3.741865906885120108e+00 3.743540361146908246e+00 4.828279351712456702e+00 4.828630333488075799e+00
1.130000000000000000e+02 -4.826888410458473722e+00 -4.826442187191355870e+00 -3.743179097577265857e+00 -3.741052506545066159e+00 -1.280099798470498706e+00 -1.275557578061407904e+00 1.275557578061408348e+00 1.280099798470499151e+00 3.741052506545063938e+00 3.743179097577268077e+00 4.826442187191352318e+00 4.826888410458474610e+00
1.140000000000000000e+02 -4.825010221439753444e+00 -4.824452926695396826e+00 -3.742812250614805158e+00 -3.740159338831084312e+00 -1.296557080750317503e+00 -1.290963281908205085e+00 1.290963281908204863e+00 1.296557080750315283e+00 3.740159338831085201e+00 3.742812250614806047e+00 4.824452926695397714e+00 4.825010221439750779e+00
1.150000000000000000e+02 -4.822996167855640337e+00 -4.822310757994229924e+00 -3.742443464512350992e+00 -3.739184667607057033e+00 -1.313998401991519627e+00 -1.307219064394332220e+00 1.307219064394333108e+00 1.313998401991521847e+00 3.739184667607053925e+00 3.742443464512357210e+00 4.822310757994229036e+00 4.822996167855635008e+00
1.160000000000000000e+02 -4.820846646075024111e+00 -4.820014865181245334e+00 -3.742076402270948954e+00 -3.738126849615082570e+00 -1.332380533658527488e+00 -1.324278488180231639e+00 1.324278488180232083e+00 1.332380533658528154e+00 3.738126849615083014e+00 3.742076402270948510e+00 4.820014865181246222e+00 4.820846646075026776e+00
1.170000000000000000e+02 -4.818562049569459660e+00 -4.817564431134155889e+00 -3.741714739617823859e+00 -3.736984334390296869e+00 -1.351659831012444801e+00 -1.342095450778312049e+00 1.342095450778312937e+00 1.351659831012447022e+00 3.736984334390296425e+00 3.741714739617824748e+00 4.817564431134159442e+00 4.818562049569457884e+00
1.180000000000000000e+02 -4.816142771197704953e+00 -4.814958640160783787e+00 -3.741362158740042076e+00 -3.735755664086778172e+00 -1.371792552644971908e+00 -1.360624442121203925e+00 1.360624442121203037e+00 1.371792552644972352e+00 3.735755664086778172e+00 3.741362158740043853e+00 4.814958640160785563e+00 4.816142771197704953e+00
1.190000000000000000e+02 -4.813589205613311606e+00 -4.812196680835114648e+00 -3.741022341772858528e+00 -3.734439473232242790e+00 -1.392735141661858078e+00 -1.379820762913723575e+00 1.379820762913725352e+00 1.392735141661857634e+00 3.734439473232243678e+00 3.741022341772859416e+00 4.812196680835116425e+00 4.813589205613313382e+00
1.200000000000000000e+02 -4.810901751790872538e+00 -4.809277749029678972e+00 -3.740698964041501373e+00 -3.733034488430456488e+00 -1.414444468517665143e+00 -1.399640705617979375e+00 1.399640705617979597e+00 1.414444468517666920e+00 3.733034488430456488e+00 3.740698964041505370e+00 4.809277749029678972e+00 4.810901751790871650e+00
1.210000000000000000e+02 -4.808080815666676777e+00 -4.806201051151264281e+00 -3.740395687054430596e+00 -3.731539528031814434e+00 -1.436878036581180851e+00 -1.420041700596248235e+00 1.420041700596249123e+00 1.436878036581181739e+00 3.731539528031816655e+00 3.740395687054433704e+00 4.806201051151266945e+00 4.808080815666674113e+00
1.220000000000000000e+02 -4.805126812889351839e+00 -4.802965807588235769e+00 -3.740116151245389098e+00 -3.729953501794085913e+00 -1.459994152332741102e+00 -1.440982430382697244e+00 1.440982430382697910e+00 1.459994152332742212e+00 3.729953501794086801e+00 3.740116151245392651e+00 4.802965807588236657e+00 4.805126812889354504e+00
1.230000000000000000e+02 -4.802040171676019931e+00 -4.799571256378882822e+00 -3.739863968460722443e+00 -3.728275410556927572e+00 -1.483752062678983963e+00 -1.462422915304832927e+00 1.462422915304832483e+00 1.483752062678983075e+00 3.728275410556927127e+00 3.739863968460722887e+00 4.799571256378881934e+00 4.802040171676020819e+00
1.240000000000000000e+02 -4.798821335769487995e+00 -4.796016657111896286e+00 -3.739642714187369599e+00 -3.726504345955810926e+00 -1.508112062244068685e+00 -1.484324573764294719e+00 1.484324573764298272e+00 1.508112062244069351e+00 3.726504345955809594e+00 3.739642714187373151e+00 4.796016657111897175e+00 4.798821335769490659e+00
1.250000000000000000e+02 -4.795470767492131969e+00 -4.792301295071412781e+00 -3.739455919515846993e+00 -3.724639490202777736e+00 -1.533035573692185016e+00 -1.506650260448683554e+00 1.506650260448685108e+00 1.533035573692185904e+00 3.724639490202780845e+00 3.739455919515848326e+00 4.792301295071411005e+00 4.795470767492134634e+00
1.260000000000000000e+02 -4.791988950892063670e+00 -4.788424485640977224e+00 -3.739307062830992567e+00 -3.722680115963918457e+00 -1.558485204187129991e+00 -1.529364285613828756e+00 1.529364285613828978e+00 1.558485204187128659e+00 3.722680115963918457e+00 3.739307062830994788e+00 4.788424485640983441e+00 4.791988950892062782e+00
1.270000000000000000e+02 -4.788376394977425399e+00 -4.784385578982838005e+00 -3.739199561221960622e+00 -3.720625586365687631e+00 -1.584424781034285745e+00 -1.552432418377735379e+00 1.552432418377735823e+00 1.584424781034285967e+00 3.720625586365692072e+00 3.739199561221959733e+00 4.784385578982842446e+00 4.788376394977427175e+00
1.280000000000000000e+02 -4.784633637034716891e+00 -4.780183965010820657e+00 -3.739136761600851955e+00 -3.718475355165253404e+00 -1.610819369407263668e+00 -1.575821876727044213e+00 1.575821876727042437e+00 1.610819369407263446e+00 3.718475355165252516e+00 3.739136761600859060e+00 4.780183965010818881e+00 4.784633637034717779e+00
1.290000000000000000e+02 -4.780761246027375400e+00 -4.775819078677843166e+00 -3.739121931517736197e+00 -3.716228967122773064e+00 -1.637635274861863666e+00 -1.599501306673827949e+00 1.599501306673831946e+00 1.637635274861865664e+00 3.716228967122773064e+00 3.739121931517738862e+00 4.775819078677842278e+00 4.780761246027373623e+00
1.300000000000000000e+02 -4.776759826070970938e+00 -4.771290405601452456e+00 -3.739158249657076993e+00 -3.713886058617384300e+00 -1.664840033105203787e+00 -1.623440752730087588e+00 1.623440752730089587e+00 1.664840033105203121e+00 3.713886058617385633e+00 3.739158249657079214e+00 4.771290405601450679e+00 4.776759826070971826e+00
1.310000000000000000e+02 -4.772630019981829008e+00 -4.766597488053763598e+00 -3.739248795998645569e+00 -3.711446358552265679e+00 -1.692402389234726190e+00 -1.647611621600265419e+00 1.647611621600267862e+00 1.692402389234725968e+00 3.711446358552266567e+00 3.739248795998646457e+00 4.766597488053763598e+00 4.772630019981828120e+00
1.320000000000000000e+02 -4.768372512896082327e+00 -4.761739931345524646e+00 -3.739396541622510117e+00 -3.708909689598825388e+00 -1.720292268403755376e+00 -1.671986640737234131e+00 1.671986640737236129e+00 1.720292268403757374e+00 3.708909689598823611e+00 3.739396541622513226e+00 4.761739931345523757e+00 4.768372512896081439e+00
1.330000000000000000e+02 -4.763988035956738365e+00 -4.756717410637332222e+00 -3.739604338135058104e+00 -3.706275969835011175e+00 -1.748480739616800284e+00 -1.696539813168984168e+00 1.696539813168983057e+00 1.748480739616799839e+00 3.706275969835013839e+00 3.739604338135058104e+00 4.756717410637330445e+00 4.763988035956736589e+00
1.340000000000000000e+02 -4.759477370066637292e+00 -4.751529678215188568e+00 -3.739874906689006906e+00 -3.703545214838630972e+00 -1.776939974115826493e+00 -1.721246369785417230e+00 1.721246369785415675e+00 1.776939974115828047e+00 3.703545214838633193e+00 3.739874906689010903e+00 4.751529678215189456e+00 4.759477370066640844e+00
1.350000000000000000e+02 -4.754841349705863252e+00 -4.746176571271698563e+00 -3.740210826566813473e+00 -3.700717540302989939e+00 -1.805643199592396497e+00 -1.746082720078630635e+00 1.746082720078633521e+00 1.805643199592396497e+00 3.700717540302988162e+00 3.740210826566812585e+00 4.746176571271701228e+00 4.754841349705864140e+00
1.360000000000000000e+02 -4.750080866812541380e+00 -4.740658020239074233e+00 -3.740614523292076221e+00 -3.697793165250019332e+00 -1.834564651252418521e+00 -1.771026402155713608e+00 1.771026402155710944e+00 1.834564651252420298e+00 3.697793165250021552e+00 3.740614523292075777e+00 4.740658020239077786e+00 4.750080866812540492e+00
1.370000000000000000e+02 -4.745196874726778091e+00 -4.734974057725292340e+00 -3.741088256229085030e+00 -3.694772415924536535e+00 -1.863679520571262405e+00 -1.796056032690419357e+00 1.796056032690419579e+00 1.863679520571260184e+00 3.694772415924534315e+00 3.741088256229088582e+00 4.734974057725289676e+00 4.745196874726780756e+00
1.380000000000000000e+02 -4.740190392198043945e+00 -4.729124828110533585e+00 -3.741634105624886963e+00 -3.691655730463384355e+00 -1.892963902406912702e+00 -1.821151257347557229e+00 1.821151257347559449e+00 1.892963902406914256e+00 3.691655730463385687e+00 3.741634105624887408e+00 4.729124828110533585e+00 4.740190392198044833e+00
1.390000000000000000e+02 -4.735062507457076464e+00 -4.723110597867451688e+00 -3.742253959042491918e+00 -3.688443664444912340e+00 -1.922394740986996808e+00 -1.846292702099777028e+00 1.846292702099777916e+00 1.922394740986997919e+00 3.688443664444907011e+00 3.742253959042491029e+00 4.723110597867452576e+00 4.735062507457078240e+00
1.400000000000000000e+02 -4.729814382354238234e+00 -4.716931766675622306e+00 -3.742949497127315173e+00 -3.685136897437281345e+00 -1.951949775150144228e+00 -1.871461925759678291e+00 1.871461925759680955e+00 1.951949775150142452e+00 3.685136897437282677e+00 3.742949497127317393e+00 4.716931766675622306e+00 4.729814382354238234e+00
1.410000000000000000e+02 -4.724447256567045450e+00 -4.710588879408376783e+00 -3.743722178641560649e+00 -3.681736240680034022e+00 -1.981607483101974321e+00 -1.896641373968152466e+00 1.896641373968154687e+00 1.981607483101976319e+00 3.681736240680032690e+00 3.743722178641561982e+00 4.710588879408376783e+00 4.724447256567049003e+00
1.420000000000000000e+02 -4.718962451880648779e+00 -4.704082639078535522e+00 -3.744573224693394042e+00 -3.678242646050607689e+00 -2.011347026838554708e+00 -1.921814334811329461e+00 1.921814334811331904e+00 2.011347026838552932e+00 3.678242646050607245e+00 3.744573224693393154e+00 4.704082639078537298e+00 4.718962451880649667e+00
1.430000000000000000e+02 -4.713361376545897485e+00 -4.697413920838723556e+00 -3.745503602079243599e+00 -3.674657216488897316e+00 -2.041148196293707695e+00 -1.946964896181652804e+00 1.946964896181650584e+00 2.041148196293709915e+00 3.674657216488901312e+00 3.745503602079241379e+00 4.697413920838727996e+00 4.713361376545898374e+00
1.440000000000000000e+02 -4.707645529720896782e+00 -4.690583787141997973e+00 -3.746514005647893164e+00 -3.670981218076488251e+00 -2.070991353179008509e+00 -1.972077904951655913e+00 1.972077904951657024e+00 2.070991353179009398e+00 3.670981218076489139e+00 3.746514005647896273e+00 4.690583787141997085e+00 4.707645529720902999e+00
1.450000000000000000e+02 -4.701816506003058116e+00 -4.683593504179352607e+00 -3.747604839585090719e+00 -3.667216093995318449e+00 -2.100857374404134337e+00 -1.997138927990901758e+00 1.997138927990902868e+00 2.100857374404135669e+00 3.667216093995314896e+00 3.747604839585092495e+00 4.683593504179357048e+00 4.701816506003057228e+00
1.460000000000000000e+02 -4.695876000059802102e+00 -4.676444559722511940e+00 -3.748776197506099361e+00 -3.663363480623101687e+00 -2.130727594889158194e+00 -2.022134215025354287e+00 2.022134215025353843e+00 2.130727594889156418e+00 3.663363480623101243e+00 3.748776197506102026e+00 4.676444559722512828e+00 4.695876000059800326e+00
1.470000000000000000e+02 -4.689825811367789754e+00 -4.669138682512862459e+00 -3.750027841232228543e+00 -3.659425226060237790e+00 -2.160583749506341800e+00 -2.047050663313839447e+00 2.047050663313839003e+00 2.160583749506338691e+00 3.659425226060240455e+00 3.750027841232228543e+00 4.669138682512864236e+00 4.689825811367787090e+00
1.480000000000000000e+02 -4.683667849071594169e+00 -4.661677863351074258e+00 -3.751359178114510584e+00 -3.655403411426966009e+00 -2.190407913815930474e+00 -2.071875784096350426e+00 2.071875784096350870e+00 2.190407913815931806e+00 3.655403411426962457e+00 3.751359178114513693e+00 4.661677863351074258e+00 4.683667849071595946e+00
1.490000000000000000e+02 -4.677404136974695703e+00 -4.654064378055884355e+00 -3.752769236754950555e+00 -3.651300375320262415e+00 -2.220182443185689358e+00 -2.096597670753461706e+00 2.096597670753462150e+00 2.220182443185690246e+00 3.651300375320260638e+00 3.752769236754951443e+00 4.654064378055882578e+00 4.677404136974696591e+00
1.500000000000000000e+02 -4.671036818677190894e+00 -4.646300812475624653e+00 -3.754256640962034375e+00 -3.647118741879215698e+00 -2.249889909805562471e+00 -2.121204968603983332e+00 2.121204968603981555e+00 2.249889909805562471e+00 3.647118741879213921e+00 3.754256640962039260e+00 4.646300812475629094e+00 4.671036818677193558e+00
1.510000000000000000e+02 -4.664568162876598478e+00 -4.638390089750949130e+00 -3.755819581763714332e+00 -3.642861452975776793e+00 -2.279513037025299393e+00 -2.145686846258660907e+00 2.145686846258661351e+00 2.279513037025301170e+00 3.642861452975775904e+00 3.755819581763717885e+00 4.638390089750948242e+00 4.664568162876596702e+00
1.520000000000000000e+02 -4.658000568850090062e+00 -4.630335500042448871e+00 -3.757455787287522497e+00 -3.638531805127370955e+00 -2.309034630351268103e+00 -2.170032968440517074e+00 2.170032968440518406e+00 2.309034630351268103e+00 3.638531805127371399e+00 3.757455787287525606e+00 4.630335500042446206e+00 4.658000568850089174e+00
1.530000000000000000e+02 -4.651336572138745851e+00 -4.622140732951590891e+00 -3.759162490304953863e+00 -3.634133491819091955e+00 -2.338437504337846029e+00 -2.194233470176867318e+00 2.194233470176869094e+00 2.338437504337846917e+00 3.634133491819088846e+00 3.759162490304953863e+00 4.622140732951593556e+00 4.651336572138748515e+00
1.540000000000000000e+02 -4.644578850456760222e+00 -4.613809912876551067e+00 -3.760936393226075758e+00 -3.629670652028408107e+00 -2.367704404495956538e+00 -2.218278932263897829e+00 2.218278932263895609e+00 2.367704404495956982e+00 3.629670652028407218e+00 3.760936393226078422e+00 4.613809912876549291e+00 4.644578850456759334e+00
1.550000000000000000e+02 -4.637730229851127817e+00 -4.605347637555651019e+00 -3.762773630321979645e+00 -3.625147925865803700e+00 -2.396817923215166957e+00 -2.242160357901229251e+00 2.242160357901230583e+00 2.396817923215163848e+00 3.625147925865806808e+00 3.762773630321978757e+00 4.605347637555649243e+00 4.637730229851126929e+00
1.560000000000000000e+02 -4.630793691140231871e+00 -4.596759020058828860e+00 -3.764669726947979189e+00 -3.620570518381154290e+00 -2.425760408554445746e+00 -2.265869150391170539e+00 2.265869150391171427e+00 2.425760408554448411e+00 3.620570518381151626e+00 3.764669726947984074e+00 4.596759020058829748e+00 4.630793691140230983e+00
1.570000000000000000e+02 -4.623772376662710570e+00 -4.588049734489284326e+00 -3.766619555542065623e+00 -3.615944272739681775e+00 -2.454513864599099371e+00 -2.289397091794721728e+00 2.289397091794719952e+00 2.454513864599098927e+00 3.615944272739680443e+00 3.766619555542067843e+00 4.588049734489285214e+00 4.623772376662711459e+00
1.580000000000000000e+02 -4.616669597371402034e+00 -4.579226065652158617e+00 -3.768617288182428471e+00 -3.611275754142079464e+00 -2.483059841907549359e+00 -2.312736322434137293e+00 2.312736322434141290e+00 2.483059841907547582e+00 3.611275754142082572e+00 3.768617288182429359e+00 4.579226065652157729e+00 4.616669597371402922e+00
1.590000000000000000e+02 -4.609488840310751456e+00 -4.570294962930317340e+00 -3.770656345509059371e+00 -3.606572346049191857e+00 -2.511379316383015148e+00 -2.335879321129104014e+00 2.335879321129104014e+00 2.511379316383016036e+00 3.606572346049192745e+00 3.770656345509059371e+00 4.570294962930320004e+00 4.609488840310748792e+00
1.600000000000000000e+02 -4.602233776520043840e+00 -4.561264098576418569e+00 -3.772729341850632689e+00 -3.601842360469112769e+00 -2.539452554705416087e+00 -2.358818886050537689e+00 2.358818886050537245e+00 2.539452554705412979e+00 3.601842360469114102e+00 3.772729341850634910e+00 4.561264098576417680e+00 4.602233776520045616e+00
1.610000000000000000e+02 -4.594908269409102353e+00 -4.552141930579144180e+00 -3.774828026454754237e+00 -3.597095164264931810e+00 -2.567258964255969556e+00 -2.381548116072794041e+00 2.381548116072794929e+00 2.567258964255969111e+00 3.597095164264930478e+00 3.774828026454756014e+00 4.552141930579139739e+00 4.594908269409105017e+00
1.620000000000000000e+02 -4.587516383657647800e+00 -4.542937770184953372e+00 -3.776943220803196777e+00 -3.592341323630983574e+00 -2.594776925274957069e+00 -2.404060392500412480e+00 2.404060392500413812e+00 2.594776925274957513e+00 3.592341323630980909e+00 3.776943220803198553e+00 4.542937770184950708e+00 4.587516383657647800e+00
1.630000000000000000e+02 -4.580062394694677685e+00 -4.533661854045904605e+00 -3.779064752111950476e+00 -3.587592769042048158e+00 -2.621983602833816818e+00 -2.426349361040713859e+00 2.426349361040713859e+00 2.621983602833817706e+00 3.587592769042049934e+00 3.779064752111953140e+00 4.533661854045902828e+00 4.580062394694678574e+00
1.640000000000000000e+02 -4.572550798819508877e+00 -4.524325420810739296e+00 -3.781181383278186647e+00 -3.582862983067276463e+00 -2.648854736112753017e+00 -2.448408913887103466e+00 2.448408913887104355e+00 2.648854736112752573e+00 3.582862983067276907e+00 3.781181383278188424e+00 4.524325420810740184e+00 4.572550798819508877e+00
1.650000000000000000e+02 -4.564986324031852227e+00 -4.514940791768968786e+00 -3.783280739753628996e+00 -3.578167213404330305e+00 -2.675364402507849348e+00 -2.470233171770540359e+00 2.470233171770541691e+00 2.675364402507850237e+00 3.578167213404332081e+00 3.783280739753632993e+00 4.514940791768969675e+00 4.564986324031854892e+00
1.660000000000000000e+02 -4.557373941644596194e+00 -4.505521454883428589e+00 -3.785349234109570471e+00 -3.573522713248696636e+00 -2.701484754329003479e+00 -2.491816465827436655e+00 2.491816465827436655e+00 2.701484754329003923e+00 3.573522713248699745e+00 3.785349234109573580e+00 4.505521454883432142e+00 4.557373941644596194e+00
1.670000000000000000e+02 -4.549718878759233753e+00 -4.496082151191784781e+00 -3.787371989426897567e+00 -3.568949010549618883e+00 -2.727185726409427247e+00 -2.513153319121585128e+00 2.513153319121586460e+00 2.727185726409428579e+00 3.568949010549617107e+00 3.787371989426897567e+00 4.496082151191780341e+00 4.549718878759233753e+00
1.680000000000000000e+02 -4.542026631690814220e+00 -4.486638962106291650e+00 -3.789332763110683011e+00 -3.564468206650637683e+00 -2.752434713996755544e+00 -2.534238427644876612e+00 2.534238427644877500e+00 2.752434713996755544e+00 3.564468206650640791e+00 3.789332763110682123e+00 4.486638962106290762e+00 4.542026631690814220e+00
1.690000000000000000e+02 -4.534302980436043740e+00 -4.477209395580008078e+00 -3.791213873307615501e+00 -3.560105303037529367e+00 -2.777196222066733888e+00 -2.555066640606237449e+00 2.555066640606240114e+00 2.777196222066735665e+00 3.560105303037526259e+00 3.791213873307616833e+00 4.477209395580008078e+00 4.534302980436047292e+00
1.700000000000000000e+02 -4.526554004285303634e+00 -4.467812468422955874e+00 -3.792996130808688804e+00 -3.555888552108405598e+00 -2.801431490003657210e+00 -2.575632939800567289e+00 2.575632939800569510e+00 2.801431490003657654e+00 3.555888552108400713e+00 3.792996130808691913e+00 4.467812468422953209e+00 4.526554004285306299e+00
1.710000000000000000e+02 -4.518786098685933617e+00 -4.458468781238454248e+00 -3.794658780156429767e+00 -3.551849823643380422e+00 -2.825098099824965292e+00 -2.595932417828170191e+00 2.595932417828171523e+00 2.825098099824966180e+00 3.551849823643381310e+00 3.794658780156430655e+00 4.458468781238459577e+00 4.518786098685935393e+00
1.720000000000000000e+02 -4.511005993470729614e+00 -4.449200581509156649e+00 -3.796179454642897078e+00 -3.548024972503216468e+00 -2.848149582271015223e+00 -2.615960254910538740e+00 2.615960254910542737e+00 2.848149582271015223e+00 3.548024972503219576e+00 3.796179454642897078e+00 4.449200581509156649e+00 4.511005993470731390e+00
1.730000000000000000e+02 -4.503220772570840857e+00 -4.440031809313797595e+00 -3.797534150964090749e+00 -3.544454184507609629e+00 -2.870535043656538665e+00 -2.635711694019361673e+00 2.635711694019360340e+00 2.870535043656538221e+00 3.544454184507616734e+00 3.797534150964093413e+00 4.440031809313794042e+00 4.503220772570841746e+00
1.740000000000000000e+02 -4.495437895336540812e+00 -4.430988119040994988e+00 -3.798697230446862250e+00 -3.541182265968580101e+00 -2.892198847853614030e+00 -2.655182014001461699e+00 2.655182014001461699e+00 2.892198847853614474e+00 3.541182265968577436e+00 3.798697230446863138e+00 4.430988119040994100e+00 4.495437895336540812e+00
1.750000000000000000e+02 -4.487665219591243648e+00 -4.422096869358234983e+00 -3.799641454913906369e+00 -3.538258827776878057e+00 -2.913080402353087628e+00 -2.674366500342727715e+00 2.674366500342728159e+00 2.913080402353086296e+00 3.538258827776878057e+00 3.799641454913911254e+00 4.422096869358232318e+00 4.487665219591246313e+00
1.760000000000000000e+02 -4.479911026543161867e+00 -4.413387072707265268e+00 -3.800338066287709093e+00 -3.535738297660214968e+00 -2.933114114633915470e+00 -2.693260413167251066e+00 2.693260413167249734e+00 2.933114114633915026e+00 3.535738297660214080e+00 3.800338066287712646e+00 4.413387072707263492e+00 4.479911026543162755e+00
1.770000000000000000e+02 -4.472184047673650298e+00 -4.404889294891930263e+00 -3.800756919795300171e+00 -3.533679675783341079e+00 -2.952229603525127644e+00 -2.711858952013489699e+00 2.711858952013487922e+00 2.952229603525126755e+00 3.533679675783341079e+00 3.800756919795301947e+00 4.404889294891932039e+00 4.472184047673652074e+00
1.780000000000000000e+02 -4.464493493710187444e+00 -4.396635495111850034e+00 -3.800866680913669526e+00 -3.532145932585570858e+00 -2.970352266532974017e+00 -2.730157216865329417e+00 2.730157216865331637e+00 2.970352266532973129e+00 3.532145932585569081e+00 3.800866680913672635e+00 4.396635495111849146e+00 4.464493493710188332e+00
1.790000000000000000e+02 -4.456849085772798702e+00 -4.388658797327348537e+00 -3.800635095739400615e+00 -3.531202939450098111e+00 -2.987404312427235809e+00 -2.748150164841597576e+00 2.748150164841595799e+00 2.987404312427234032e+00 3.531202939450098555e+00 3.800635095739402392e+00 4.388658797327352090e+00 4.456849085772800478e+00
1.800000000000000000e+02 -4.449261088753337035e+00 -4.380993185390088307e+00 -3.800029343005277394e+00 -3.530917830931557866e+00 -3.003306360279959897e+00 -2.765832561860436023e+00 2.765832561860437799e+00 3.003306360279959453e+00 3.530917830931556978e+00 3.800029343005280946e+00 4.380993185390088307e+00 4.449261088753335258e+00
1.810000000000000000e+02 -4.441740346943662487e+00 -4.373673117190447712e+00 -3.799016473252108117e+00 -3.531356731977284724e+00 -3.017979671485278015e+00 -2.783198928494263757e+00 2.783198928494267754e+00 3.017979671485277571e+00 3.531356731977284724e+00 3.799016473252109005e+00 4.373673117190447712e+00 4.441740346943661599e+00
1.820000000000000000e+02 -4.434298321868007875e+00 -4.366733057326499079e+00 -3.797563936528912443e+00 -3.532581853697968288e+00 -3.031349011231259105e+00 -2.800243479113438738e+00 2.800243479113439626e+00 3.031349011231258661e+00 3.532581853697969176e+00 3.797563936528912443e+00 4.366733057326498191e+00 4.434298321868009651e+00
1.830000000000000000e+02 -4.426947132190942824e+00 -4.360206933496771242e+00 -3.795640194433426373e+00 -3.534648068896004247e+00 -3.043346028326872066e+00 -2.816960053281701626e+00 2.816960053281703402e+00 3.043346028326871622e+00 3.534648068896003803e+00 3.795640194433430370e+00 4.360206933496772130e+00 4.426947132190942824e+00
1.840000000000000000e+02 -4.419699595460448549e+00 -4.354127528726774443e+00 -3.793215405553830077e+00 -3.537599212483525157e+00 -3.053912908477157462e+00 -2.833342038210964198e+00 2.833342038210962421e+00 3.053912908477157462e+00 3.537599212483526934e+00 3.793215405553835406e+00 4.354127528726772667e+00 4.419699595460448549e+00
1.850000000000000000e+02 -4.412569271297423157e+00 -4.348525829118395691e+00 -3.790262165971360009e+00 -3.541464483068402114e+00 -3.063005925102261440e+00 -2.849382280905995213e+00 2.849382280905998766e+00 3.063005925102259219e+00 3.541464483068405222e+00 3.790262165971361785e+00 4.348525829118393915e+00 4.412569271297423157e+00
1.860000000000000000e+02 -4.405570505451422925e+00 -4.343430354209615984e+00 -3.786756279285565352e+00 -3.546255406670698829e+00 -3.070598427304843447e+00 -2.865072988430412249e+00 2.865072988430416245e+00 3.070598427304841671e+00 3.546255406670699717e+00 3.786756279285564464e+00 4.343430354209617761e+00 4.405570505451425589e+00
1.870000000000000000e+02 -4.398718473897468506e+00 -4.338866503152324583e+00 -3.782677524725707841e+00 -3.551963817689735237e+00 -3.076682810678619706e+00 -2.880405614504130796e+00 2.880405614504130352e+00 3.076682810678619706e+00 3.551963817689737013e+00 3.782677524725710061e+00 4.338866503152325471e+00 4.398718473897468506e+00
1.880000000000000000e+02 -4.392029225841136864e+00 -4.334855953580808219e+00 -3.778010388487880178e+00 -3.558561193559263813e+00 -3.081271135642148273e+00 -2.895370730402722970e+00 2.895370730402722526e+00 3.081271135642145609e+00 3.558561193559266478e+00 3.778010388487881066e+00 4.334855953580806442e+00 4.392029225841138640e+00
1.890000000000000000e+02 -4.385519724118425167e+00 -4.331416150239297380e+00 -3.772744723494418029e+00 -3.565999465587890604e+00 -3.084394272304199713e+00 -2.909957877877112686e+00 2.909957877877115351e+00 3.084394272304199713e+00 3.565999465587892825e+00 3.772744723494417141e+00 4.331416150239295604e+00 4.385519724118424278e+00
1.900000000000000000e+02 -4.379207881014164805e+00 -4.328559916584809208e+00 -3.766876306877000147e+00 -3.574213176770133060e+00 -3.086099703042408660e+00 -2.924155401560638801e+00 2.924155401560641021e+00 3.086099703042410436e+00 3.574213176770134837e+00 3.766876306877001479e+00 4.328559916584806544e+00 4.379207881014164805e+00
1.910000000000000000e+02 -4.373112586971784843e+00 -4.326295214753676177e+00 -3.760407272542404034e+00 -3.583122642695049098e+00 -3.086448329187410078e+00 -2.937950258101459600e+00 2.937950258101461376e+00 3.086448329187409634e+00 3.583122642695049542e+00 3.760407272542404034e+00 4.326295214753674401e+00 4.373112586971784843e+00
1.920000000000000000e+02 -4.367253729026391085e+00 -4.324625068281334528e+00 -3.753346407351481062e+00 -3.592637652902573642e+00 -3.085510747623202210e+00 -2.951327799086528536e+00 2.951327799086530757e+00 3.085510747623201766e+00 3.592637652902572754e+00 3.753346407351482839e+00 4.324625068281333640e+00 4.367253729026391973e+00
1.930000000000000000e+02 -4.361652195070011118e+00 -4.323547649223314693e+00 -3.745709312243979294e+00 -3.602661246230494552e+00 -3.083363467645819256e+00 -2.964271524764088284e+00 2.964271524764090948e+00 3.083363467645817924e+00 3.602661246230495440e+00 3.745709312243978850e+00 4.323547649223316469e+00 4.361652195070011118e+00
1.940000000000000000e+02 -4.356329859272667804e+00 -4.323056518612821364e+00 -3.737518442218748405e+00 -3.613093182956161886e+00 -3.080085449947201681e+00 -2.976762805707785731e+00 2.976762805707788839e+00 3.080085449947199461e+00 3.613093182956165439e+00 3.737518442218749293e+00 4.323056518612820476e+00 4.356329859272668692e+00
1.950000000000000000e+02 -4.351309543175529093e+00 -4.323140998242171129e+00 -3.728803049573604866e+00 -3.623832873818455091e+00 -3.075755213118342990e+00 -2.988780570020276084e+00 2.988780570020277860e+00 3.075755213118341214e+00 3.623832873818458644e+00 3.728803049573606199e+00 4.323140998242170241e+00 4.351309543175529981e+00
1.960000000000000000e+02 -4.346614946207120411e+00 -4.323786643908268168e+00 -3.719599061706913012e+00 -3.634781665923124017e+00 -3.070448613913967062e+00 -3.000300954624011585e+00 3.000300954624016025e+00 3.070448613913966618e+00 3.634781665923124017e+00 3.719599061706913457e+00 4.323786643908266392e+00 4.346614946207123076e+00
1.970000000000000000e+02 -4.342270538748316255e+00 -4.324975786213753892e+00 -3.709948927140008568e+00 -3.645844497564888709e+00 -3.064237296117220843e+00 -3.011296920879599437e+00 3.011296920879603878e+00 3.064237296117222620e+00 3.645844497564889597e+00 3.709948927140008124e+00 4.324975786213753892e+00 4.342270538748314479e+00
1.980000000000000000e+02 -4.338301410520082335e+00 -4.326688104764881970e+00 -3.699901460900532069e+00 -3.656931006157535080e+00 -3.057187731037549927e+00 -3.021737837542428196e+00 3.021737837542430416e+00 3.057187731037548595e+00 3.656931006157535080e+00 3.699901460900531180e+00 4.326688104764885523e+00 4.338301410520086776e+00
1.990000000000000000e+02 -4.334733067162748199e+00 -4.328901204565639205e+00 -3.689511713166094609e+00 -3.667956207876684083e+00 -3.049360738167472107e+00 -3.031589038351487186e+00 3.031589038351489851e+00 3.049360738167471663e+00 3.667956207876684083e+00 3.689511713166094165e+00 4.328901204565640981e+00 4.334733067162747311e+00
2.000000000000000000e+02 -4.331591168621140575e+00 -4.331591168621138799e+00 -3.678840873528088640e+00 -3.678840873528088640e+00 -3.040811367871206539e+00 -3.040811367871205650e+00 3.040811367871205650e+00 3.040811367871206539e+00 3.678840873528087752e+00 3.678840873528089972e+00 4.331591168621141463e+00 4.331591168621142351e+00
2.010000000000000000e+02 -4.331218727924301071e+00 -4.331218727924299294e+00 -3.678799197237918595e+00 -3.678799197237916818e+00 -3.041502596998145957e+00 -3.041502596998145513e+00 3.041502596998144625e+00 3.041502596998149066e+00 3.678799197237917262e+00 3.678799197237917706e+00 4.331218727924298406e+00 4.331218727924301959e+00
2.020000000000000000e+02 -4.330102404986238440e+00 -4.330102404986235776e+00 -3.678673861128374245e+00 -3.678673861128373357e+00 -3.043573253709981330e+00 -3.043573253709979110e+00 3.043573253709978665e+00 3.043573253709982218e+00 3.678673861128374245e+00 3.678673861128375133e+00 4.330102404986235776e+00 4.330102404986240217e+00
2.030000000000000000e+02 -4.328245209446388131e+00 -4.328245209446384578e+00 -3.678463937581107235e+00 -3.678463937581106791e+00 -3.047014263257024957e+00 -3.047014263257024069e+00 3.047014263257024513e+00 3.047014263257025846e+00 3.678463937581105903e+00 3.678463937581106347e+00 4.328245209446386355e+00 4.328245209446387243e+00
2.040000000000000000e+02 -4.325652198333782117e+00 -4.325652198333781229e+00 -3.678167860726646587e+00 -3.678167860726645255e+00 -3.051810557889988562e+00 -3.051810557889987674e+00 3.051810557889988562e+00 3.051810557889989006e+00 3.678167860726645699e+00 3.678167860726647920e+00 4.325652198333781229e+00 4.325652198333783005e+00
2.050000000000000000e+02 -4.322330538768798469e+00 -4.322330538768795805e+00 -3.677783396096347968e+00 -3.677783396096345303e+00 -3.057941159704868017e+00 -3.057941159704866685e+00 3.057941159704868461e+00 3.057941159704869794e+00 3.677783396096344859e+00 3.677783396096346635e+00 4.322330538768795805e+00 4.322330538768799357e+00
2.060000000000000000e+02 -4.318289598291638498e+00 -4.318289598291638498e+00 -3.677307596949076274e+00 -3.677307596949075386e+00 -3.065379291857592836e+00 -3.065379291857589283e+00 3.065379291857590172e+00 3.065379291857591948e+00 3.677307596949076274e+00 3.677307596949076274e+00 4.318289598291639386e+00 4.318289598291639386e+00
2.070000000000000000e+02 -4.313541065438721844e+00 -4.313541065438719180e+00 -3.676736746074355633e+00 -3.676736746074354745e+00 -3.074092513473466681e+00 -3.074092513473465793e+00 3.074092513473465793e+00 3.074092513473468902e+00 3.676736746074354301e+00 3.676736746074354745e+00 4.313541065438720068e+00 4.313541065438720956e+00
2.080000000000000000e+02 -4.308099104040588045e+00 -4.308099104040584493e+00 -3.676066281520744550e+00 -3.676066281520743662e+00 -3.084042872359805898e+00 -3.084042872359804566e+00 3.084042872359805010e+00 3.084042872359805898e+00 3.676066281520744994e+00 3.676066281520744994e+00 4.308099104040586269e+00 4.308099104040589822e+00
2.090000000000000000e+02 -4.301980545638201647e+00 -4.301980545638199871e+00 -3.675290704352733417e+00 -3.675290704352731641e+00 -3.095187068477217363e+00 -3.095187068477216030e+00 3.095187068477216030e+00 3.095187068477218251e+00 3.675290704352732085e+00 3.675290704352732529e+00 4.301980545638199871e+00 4.301980545638200759e+00
2.100000000000000000e+02 -4.295205125412587144e+00 -4.295205125412583591e+00 -3.674403466222985859e+00 -3.674403466222985415e+00 -3.107476620023859049e+00 -3.107476620023859049e+00 3.107476620023859049e+00 3.107476620023859937e+00 3.674403466222983639e+00 3.674403466222983639e+00 4.295205125412588032e+00 4.295205125412589808e+00
2.110000000000000000e+02 -4.287795768088451531e+00 -4.287795768088445314e+00 -3.673396834301584146e+00 -3.673396834301582814e+00 -3.120858022908186591e+00 -3.120858022908184370e+00 3.120858022908186591e+00 3.120858022908189255e+00 3.673396834301583258e+00 3.673396834301584590e+00 4.287795768088448867e+00 4.287795768088454196e+00
2.120000000000000000e+02 -4.279778931379352613e+00 -4.279778931379352613e+00 -3.672261731002450791e+00 -3.672261731002449459e+00 -3.135272893281880524e+00 -3.135272893281875639e+00 3.135272893281877415e+00 3.135272893281880524e+00 3.672261731002449903e+00 3.672261731002450791e+00 4.279778931379349949e+00 4.279778931379354390e+00
2.130000000000000000e+02 -4.271185015631347781e+00 -4.271185015631347781e+00 -3.670987546111279975e+00 -3.670987546111279531e+00 -3.150658081602245808e+00 -3.150658081602242699e+00 3.150658081602244476e+00 3.150658081602246252e+00 3.670987546111280420e+00 3.670987546111281752e+00 4.271185015631347781e+00 4.271185015631348669e+00
2.140000000000000000e+02 -4.262048849286811603e+00 -4.262048849286810714e+00 -3.669561919549183315e+00 -3.669561919549182871e+00 -3.166945745285573821e+00 -3.166945745285573377e+00 3.166945745285573377e+00 3.166945745285574265e+00 3.669561919549181983e+00 3.669561919549182427e+00 4.262048849286812491e+00 4.262048849286814267e+00
2.150000000000000000e+02 -4.252410260446830570e+00 -4.252410260446829682e+00 -3.667970494423663297e+00 -3.667970494423657524e+00 -3.184063365240935362e+00 -3.184063365240930032e+00 3.184063365240934029e+00 3.184063365240934029e+00 3.667970494423660632e+00 3.667970494423661520e+00 4.252410260446830570e+00 4.252410260446832346e+00
2.160000000000000000e+02 -4.242314744863020515e+00 -4.242314744863016074e+00 -3.666196642738313027e+00 -3.666196642738308586e+00 -3.201933689197193900e+00 -3.201933689197192567e+00 3.201933689197193011e+00 3.201933689197193011e+00 3.666196642738309919e+00 3.666196642738311251e+00 4.242314744863016962e+00 4.242314744863021403e+00
2.170000000000000000e+02 -4.231814239678437062e+00 -4.231814239678433509e+00 -3.664221170971370789e+00 -3.664221170971368569e+00 -3.220474581373716561e+00 -3.220474581373715228e+00 3.220474581373714784e+00 3.220474581373715228e+00 3.664221170971369901e+00 3.664221170971371233e+00 4.231814239678433509e+00 4.231814239678437062e+00
2.180000000000000000e+02 -4.220968009474654004e+00 -4.220968009474646898e+00 -3.662022020984988746e+00 -3.662022020984988302e+00 -3.239598753067472359e+00 -3.239598753067469694e+00 3.239598753067470582e+00 3.239598753067471026e+00 3.662022020984988746e+00 3.662022020984989190e+00 4.220968009474651339e+00 4.220968009474654892e+00
2.190000000000000000e+02 -4.209843645677857182e+00 -4.209843645677853630e+00 -3.659573995445188022e+00 -3.659573995445186689e+00 -3.259213341050792856e+00 -3.259213341050789747e+00 3.259213341050790635e+00 3.259213341050791968e+00 3.659573995445188466e+00 3.659573995445188910e+00 4.209843645677854518e+00 4.209843645677858959e+00
2.200000000000000000e+02 -4.198518170766757152e+00 -4.198518170766754487e+00 -3.656848559400577514e+00 -3.656848559400576626e+00 -3.279219288355793349e+00 -3.279219288355792461e+00 3.279219288355793793e+00 3.279219288355793793e+00 3.656848559400576626e+00 3.656848559400576626e+00 4.198518170766756263e+00 4.198518170766758928e+00
2.210000000000000000e+02 -4.187079223236576553e+00 -4.187079223236572112e+00 -3.653813806207676151e+00 -3.653813806207674819e+00 -3.299510461496636626e+00 -3.299510461496634406e+00 3.299510461496635294e+00 3.299510461496636182e+00 3.653813806207673487e+00 3.653813806207675263e+00 4.187079223236572112e+00 4.187079223236575665e+00
2.220000000000000000e+02 -4.175626275793352882e+00 -4.175626275793349329e+00 -3.650434735428531585e+00 -3.650434735428528032e+00 -3.319972402723182281e+00 -3.319972402723179172e+00 3.319972402723181393e+00 3.319972402723181393e+00 3.650434735428529809e+00 3.650434735428529809e+00 4.175626275793350217e+00 4.175626275793354658e+00
2.230000000000000000e+02 -4.164271805607725696e+00 -4.164271805607721255e+00 -3.646674087772159289e+00 -3.646674087772156181e+00 -3.340480552561396088e+00 -3.340480552561393868e+00 3.340480552561393868e+00 3.340480552561394756e+00 3.646674087772158401e+00 3.646674087772158845e+00 4.164271805607722143e+00 4.164271805607726584e+00
2.240000000000000000e+02 -4.153142290074887555e+00 -4.153142290074883114e+00 -3.642494144536870593e+00 -3.642494144536870593e+00 -3.360897661310867424e+00 -3.360897661310865647e+00 3.360897661310868312e+00 3.360897661310868312e+00 3.642494144536868372e+00 3.642494144536869261e+00 4.153142290074886667e+00 4.153142290074888443e+00
2.250000000000000000e+02 -4.142378844674488469e+00 -4.142378844674483140e+00 -3.637860176427972991e+00 -3.637860176427967218e+00 -3.381069887974477162e+00 -3.381069887974475829e+00 3.381069887974477162e+00 3.381069887974478938e+00 3.637860176427970327e+00 3.637860176427971659e+00 4.142378844674485805e+00 4.142378844674487581e+00
2.260000000000000000e+02 -4.132137255260434294e+00 -4.132137255260428965e+00 -3.632746715559002304e+00 -3.632746715559000972e+00 -3.400820660743673507e+00 -3.400820660743670842e+00 3.400820660743673507e+00 3.400820660743674395e+00 3.632746715559003192e+00 3.632746715559005413e+00 4.132137255260429853e+00 4.132137255260436071e+00
2.270000000000000000e+02 -4.122587095829691073e+00 -4.122587095829687520e+00 -3.627148712563553534e+00 -3.627148712563551314e+00 -3.419940546592758146e+00 -3.419940546592755926e+00 3.419940546592758146e+00 3.419940546592759478e+00 3.627148712563549537e+00 3.627148712563552202e+00 4.122587095829692849e+00 4.122587095829695514e+00
2.280000000000000000e+02 -4.113909583638799994e+00 -4.113909583638795553e+00 -3.621101274643355072e+00 -3.621101274643353740e+00 -3.438169783036648663e+00 -3.438169783036648219e+00 3.438169783036649108e+00 3.438169783036649996e+00 3.621101274643353296e+00 3.621101274643355072e+00 4.113909583638797329e+00 4.113909583638799994e+00
2.290000000000000000e+02 -4.106293834860487380e+00 -4.106293834860486491e+00 -3.614714557739115097e+00 -3.614714557739111545e+00 -3.455167236596619507e+00 -3.455167236596618174e+00 3.455167236596619951e+00 3.455167236596620395e+00 3.614714557739112877e+00 3.614714557739113321e+00 4.106293834860485603e+00 4.106293834860492709e+00
2.300000000000000000e+02 -4.099931279623918456e+00 -4.099931279623912239e+00 -3.608234372260925138e+00 -3.608234372260923806e+00 -3.470455470750160920e+00 -3.470455470750159144e+00 3.470455470750160476e+00 3.470455470750160920e+00 3.608234372260922918e+00 3.608234372260926470e+00 4.099931279623917568e+00 4.099931279623919345e+00
2.310000000000000000e+02 -4.095008203704427530e+00 -4.095008203704426641e+00 -3.602138412070901907e+00 -3.602138412070897910e+00 -3.483332047560082856e+00 -3.483332047560081968e+00 3.483332047560084632e+00 3.483332047560085076e+00 3.602138412070895246e+00 3.602138412070899687e+00 4.095008203704424865e+00 4.095008203704431970e+00
2.320000000000000000e+02 -4.091696710531651071e+00 -4.091696710531643966e+00 -3.597242131120270692e+00 -3.597242131120268471e+00 -3.492772746130725192e+00 -3.492772746130722528e+00 3.492772746130722528e+00 3.492772746130727413e+00 3.597242131120267139e+00 3.597242131120270248e+00 4.091696710531648407e+00 4.091696710531651959e+00
2.330000000000000000e+02 -4.090144803710709098e+00 -4.090144803710704657e+00 -3.594643645857026115e+00 -3.594643645857021230e+00 -3.497496620838413506e+00 -3.497496620838412618e+00 3.497496620838410397e+00 3.497496620838413950e+00 3.594643645857019898e+00 3.594643645857023895e+00 4.090144803710708210e+00 4.090144803710710875e+00
2.340000000000000000e+02 -4.090466685363134403e+00 -4.090466685363129962e+00 -3.595194564437818041e+00 -3.595194564437814932e+00 -3.496504904270629766e+00 -3.496504904270625325e+00 3.496504904270626657e+00 3.496504904270629321e+00 3.595194564437814932e+00 3.595194564437818485e+00 4.090466685363132626e+00 4.090466685363134403e+00
2.350000000000000000e+02 -4.092734616300837125e+00 -4.092734616300833572e+00 -3.598771585658887329e+00 -3.598771585658883332e+00 -3.489817567219678729e+00 -3.489817567219678285e+00 3.489817567219678285e+00 3.489817567219679173e+00 3.598771585658882444e+00 3.598771585658888217e+00 4.092734616300834460e+00 4.092734616300837125e+00
2.360000000000000000e+02 -4.096973658400187901e+00 -4.096973658400181684e+00 -3.604389059677893137e+00 -3.604389059677889584e+00 -3.478366024551563296e+00 -3.478366024551557967e+00 3.478366024551557523e+00 3.478366024551560631e+00 3.604389059677890028e+00 3.604389059677896245e+00 4.096973658400184348e+00 4.096973658400185236e+00
2.370000000000000000e+02 -4.103160250529903408e+00 -4.103160250529895414e+00 -3.610963117405622036e+00 -3.610963117405616707e+00 -3.463230429951920097e+00 -3.463230429951919209e+00 3.463230429951920097e+00 3.463230429951920541e+00 3.610963117405616263e+00 3.610963117405618483e+00 4.103160250529898079e+00 4.103160250529902520e+00
2.380000000000000000e+02 -4.111224910391730880e+00 -4.111224910391729104e+00 -3.617728700857720803e+00 -3.617728700857716806e+00 -3.445219936102694280e+00 -3.445219936102692060e+00 3.445219936102692060e+00 3.445219936102695613e+00 3.617728700857717694e+00 3.617728700857719026e+00 4.111224910391729104e+00 4.111224910391730880e+00
2.390000000000000000e+02 -4.121058585728547108e+00 -4.121058585728545332e+00 -3.624243810224231144e+00 -3.624243810224227591e+00 -3.424862082242952965e+00 -3.424862082242951189e+00 3.424862082242951189e+00 3.424862082242953853e+00 3.624243810224229367e+00 3.624243810224233808e+00 4.121058585728546220e+00 4.121058585728551549e+00
2.400000000000000000e+02 -4.132521540897885259e+00 -4.132521540897879930e+00 -3.630284936261387596e+00 -3.630284936261382711e+00 -3.402498455637914088e+00 -3.402498455637913199e+00 3.402498455637912311e+00 3.402498455637913644e+00 3.630284936261384043e+00 3.630284936261388040e+00 4.132521540897881707e+00 4.132521540897884371e+00
2.410000000000000000e+02 -4.145453350468391918e+00 -4.145453350468390141e+00 -3.635760134188016579e+00 -3.635760134188013915e+00 -3.378361600202671511e+00 -3.378361600202671511e+00 3.378361600202672399e+00 3.378361600202673287e+00 3.635760134188014359e+00 3.635760134188016135e+00 4.145453350468391029e+00 4.145453350468393694e+00
2.420000000000000000e+02 -4.159682634192895634e+00 -4.159682634192892081e+00 -3.640653515208229329e+00 -3.640653515208227109e+00 -3.352620762851791447e+00 -3.352620762851789671e+00 3.352620762851790115e+00 3.352620762851793224e+00 3.640653515208226221e+00 3.640653515208228441e+00 4.159682634192892969e+00 4.159682634192896522e+00
2.430000000000000000e+02 -4.175035515935995534e+00 -4.175035515935989316e+00 -3.644991620722811021e+00 -3.644991620722811021e+00 -3.325407030942736597e+00 -3.325407030942735709e+00 3.325407030942736153e+00 3.325407030942736597e+00 3.644991620722809689e+00 3.644991620722810577e+00 4.175035515935991981e+00 4.175035515935995534e+00
2.440000000000000000e+02 -4.191342254832027159e+00 -4.191342254832023606e+00 -3.648823072854036287e+00 -3.648823072854036287e+00 -3.296827019885108623e+00 -3.296827019885108179e+00 3.296827019885105958e+00 3.296827019885106402e+00 3.648823072854034066e+00 3.648823072854041172e+00 4.191342254832025382e+00 4.191342254832027159e+00
2.450000000000000000e+02 -4.208441924582162486e+00 -4.208441924582158045e+00 -3.652206236043443965e+00 -3.652206236043443965e+00 -3.266970501187153708e+00 -3.266970501187152376e+00 3.266970501187151488e+00 3.266970501187151488e+00 3.652206236043444854e+00 3.652206236043446630e+00 4.208441924582161597e+00 4.208441924582162486e+00
2.460000000000000000e+02 -4.226185317654429063e+00 -4.226185317654423734e+00 -3.655201834391367477e+00 -3.655201834391366145e+00 -3.235914850417150213e+00 -3.235914850417148880e+00 3.235914850417149324e+00 3.235914850417150657e+00 3.655201834391363924e+00 3.655201834391369253e+00 4.226185317654426399e+00 4.226185317654427287e+00
2.470000000000000000e+02 -4.244436407943048550e+00 -4.244436407943042333e+00 -3.657868695229376854e+00 -3.657868695229375966e+00 -3.203727811917131518e+00 -3.203727811917130630e+00 3.203727811917130630e+00 3.203727811917131074e+00 3.657868695229374190e+00 3.657868695229379075e+00 4.244436407943045886e+00 4.244436407943045886e+00
2.480000000000000000e+02 -4.263072746450698780e+00 -4.263072746450694339e+00 -3.660261471039821579e+00 -3.660261471039818471e+00 -3.170469354454352295e+00 -3.170469354454350075e+00 3.170469354454349187e+00 3.170469354454354072e+00 3.660261471039819359e+00 3.660261471039820247e+00 4.263072746450694339e+00 4.263072746450697004e+00
2.490000000000000000e+02 -4.281985133352890216e+00 -4.281985133352889328e+00 -3.662429595631715884e+00 -3.662429595631715440e+00 -3.136193019388506809e+00 -3.136193019388506364e+00 3.136193019388508585e+00 3.136193019388508585e+00 3.662429595631714996e+00 3.662429595631715440e+00 4.281985133352886663e+00 4.281985133352889328e+00
2.500000000000000000e+02 -4.301076845280783267e+00 -4.301076845280778826e+00 -3.664416986712928814e+00 -3.664416986712928370e+00 -3.100946971212437120e+00 -3.100946971212434011e+00 3.100946971212436676e+00 3.100946971212439340e+00 3.664416986712925706e+00 3.664416986712930147e+00 4.301076845280781491e+00 4.301076845280784156e+00
2.510000000000000000e+02 -4.320262625294621905e+00 -4.320262625294619241e+00 -3.666262177033992042e+00 -3.666262177033989822e+00 -3.064774861645258586e+00 -3.064774861645256365e+00 3.064774861645257698e+00 3.064774861645258142e+00 3.666262177033993375e+00 3.666262177033993375e+00 4.320262625294617465e+00 4.320262625294617465e+00
2.520000000000000000e+02 -4.339467579103815531e+00 -4.339467579103811978e+00 -3.667998670986573728e+00 -3.667998670986571952e+00 -3.027716567663613301e+00 -3.027716567663609304e+00 3.027716567663606639e+00 3.027716567663612857e+00 3.667998670986578169e+00 3.667998670986578613e+00 4.339467579103810202e+00 4.339467579103817307e+00
2.530000000000000000e+02 -4.358626070157549215e+00 -4.358626070157545662e+00 -3.669655400622517938e+00 -3.669655400622517494e+00 -2.989808837709499123e+00 -2.989808837709497791e+00 2.989808837709498679e+00 2.989808837709501788e+00 3.669655400622517050e+00 3.669655400622519714e+00 4.358626070157549215e+00 4.358626070157550103e+00
2.540000000000000000e+02 -4.377680668737295555e+00 -4.377680668737292891e+00 -3.671257206053828881e+00 -3.671257206053828437e+00 -2.951085866821640202e+00 -2.951085866821638870e+00 2.951085866821638870e+00 2.951085866821639758e+00 3.671257206053826661e+00 3.671257206053827549e+00 4.377680668737293779e+00 4.377680668737294667e+00
2.550000000000000000e+02 -4.396581184234507056e+00 -4.396581184234504391e+00 -3.672825298184787535e+00 -3.672825298184787535e+00 -2.911579814411942024e+00 -2.911579814411937139e+00 2.911579814411938472e+00 2.911579814411943357e+00 3.672825298184787535e+00 3.672825298184787535e+00 4.396581184234506168e+00 4.396581184234507944e+00
2.560000000000000000e+02 -4.415283792796613760e+00 -4.415283792796611984e+00 -3.674377682496540842e+00 -3.674377682496540842e+00 -2.871321274665095569e+00 -2.871321274665095125e+00 2.871321274665093792e+00 2.871321274665097345e+00 3.674377682496539954e+00 3.674377682496547948e+00 4.415283792796612872e+00 4.415283792796614648e+00
2.570000000000000000e+02 -4.433750262000781817e+00 -4.433750262000781817e+00 -3.675929535250323177e+00 -3.675929535250322733e+00 -2.830339707451483999e+00 -2.830339707451481335e+00 2.830339707451482223e+00 2.830339707451488440e+00 3.675929535250319624e+00 3.675929535250321400e+00 4.433750262000782705e+00 4.433750262000785369e+00
2.580000000000000000e+02 -4.451947268142731673e+00 -4.451947268142727232e+00 -3.677493530844885061e+00 -3.677493530844884617e+00 -2.788663836390948614e+00 -2.788663836390944173e+00 2.788663836390945061e+00 2.788663836390950834e+00 3.677493530844888614e+00 3.677493530844889058e+00 4.451947268142726344e+00 4.451947268142731673e+00
2.590000000000000000e+02 -4.469845798583279795e+00 -4.469845798583277130e+00 -3.679080123088321663e+00 -3.679080123088321219e+00 -2.746322019880787391e+00 -2.746322019880786058e+00 2.746322019880786058e+00 2.746322019880787835e+00 3.679080123088320775e+00 3.679080123088322551e+00 4.469845798583277130e+00 4.469845798583283347e+00
2.600000000000000000e+02 -4.487420630294995938e+00 -4.487420630294992385e+00 -3.680697785106056941e+00 -3.680697785106056941e+00 -2.703342600308701993e+00 -2.703342600308697552e+00 2.703342600308697996e+00 2.703342600308698884e+00 3.680697785106056941e+00 3.680697785106057385e+00 4.487420630294995938e+00 4.487420630294998602e+00
2.610000000000000000e+02 -4.504649875557442229e+00 -4.504649875557438676e+00 -3.682353213336930331e+00 -3.682353213336929887e+00 -2.659754236217633405e+00 -2.659754236217630297e+00 2.659754236217629852e+00 2.659754236217634293e+00 3.682353213336931663e+00 3.682353213336933440e+00 4.504649875557442229e+00 4.504649875557443117e+00
2.620000000000000000e+02 -4.521514586177314499e+00 -4.521514586177312722e+00 -3.684051501096390790e+00 -3.684051501096389902e+00 -2.615586221832838287e+00 -2.615586221832833402e+00 2.615586221832831626e+00 2.615586221832839176e+00 3.684051501096390790e+00 3.684051501096392123e+00 4.521514586177312722e+00 4.521514586177316275e+00
2.630000000000000000e+02 -4.537998408350952140e+00 -4.537998408350950363e+00 -3.685796286837750291e+00 -3.685796286837748070e+00 -2.570868798082921458e+00 -2.570868798082918794e+00 2.570868798082920570e+00 2.570868798082922790e+00 3.685796286837746738e+00 3.685796286837748070e+00 4.537998408350951252e+00 4.537998408350953028e+00
2.640000000000000000e+02 -4.554087281152399136e+00 -4.554087281152397360e+00 -3.687589881717766804e+00 -3.687589881717766804e+00 -2.525633459037873507e+00 -2.525633459037871287e+00 2.525633459037872619e+00 2.525633459037874395e+00 3.687589881717765028e+00 3.687589881717765916e+00 4.554087281152400024e+00 4.554087281152400912e+00
2.650000000000000000e+02 -4.569769172509939636e+00 -4.569769172509939636e+00 -3.689433380487832537e+00 -3.689433380487830316e+00 -2.479913257542554206e+00 -2.479913257542552429e+00 2.479913257542550653e+00 2.479913257542555982e+00 3.689433380487832981e+00 3.689433380487837866e+00 4.569769172509940525e+00 4.569769172509941413e+00
2.660000000000000000e+02 -4.585033847366903004e+00 -4.585033847366899451e+00 -3.691326759151346781e+00 -3.691326759151343673e+00 -2.433743113739464725e+00 -2.433743113739461172e+00 2.433743113739460284e+00 2.433743113739464281e+00 3.691326759151345893e+00 3.691326759151346781e+00 4.585033847366901227e+00 4.585033847366904780e+00
2.670000000000000000e+02 -4.599872663479014356e+00 -4.599872663479011692e+00 -3.693268962285638057e+00 -3.693268962285636281e+00 -2.387160130143739512e+00 -2.387160130143735959e+00 2.387160130143739512e+00 2.387160130143740400e+00 3.693268962285638501e+00 3.693268962285639390e+00 4.599872663479013468e+00 4.599872663479013468e+00
2.680000000000000000e+02 -4.614278390969637655e+00 -4.614278390969636767e+00 -3.695257982437788247e+00 -3.695257982437785582e+00 -2.340203916948835783e+00 -2.340203916948831786e+00 2.340203916948831786e+00 2.340203916948836227e+00 3.695257982437786026e+00 3.695257982437789579e+00 4.614278390969637655e+00 4.614278390969639432e+00
2.690000000000000000e+02 -4.628245052345299371e+00 -4.628245052345296706e+00 -3.697290933572490168e+00 -3.697290933572488392e+00 -2.292916931292416916e+00 -2.292916931292413807e+00 2.292916931292413363e+00 2.292916931292417360e+00 3.697290933572486615e+00 3.697290933572490612e+00 4.628245052345298483e+00 4.628245052345299371e+00
2.700000000000000000e+02 -4.641767780172784796e+00 -4.641767780172783020e+00 -3.699364120175472781e+00 -3.699364120175471893e+00 -2.245344834284603408e+00 -2.245344834284598523e+00 2.245344834284599855e+00 2.245344834284602964e+00 3.699364120175471449e+00 3.699364120175472781e+00 4.641767780172782132e+00 4.641767780172783908e+00
2.710000000000000000e+02 -4.654842690043591524e+00 -4.654842690043590636e+00 -3.701473103293589251e+00 -3.701473103293588807e+00 -2.197536869675000837e+00 -2.197536869674997284e+00 2.197536869674997728e+00 2.197536869674999505e+00 3.701473103293590139e+00 3.701473103293595024e+00 4.654842690043588860e+00 4.654842690043590636e+00
2.720000000000000000e+02 -4.667466766810799861e+00 -4.667466766810796308e+00 -3.703612764517096867e+00 -3.703612764517096867e+00 -2.149546268084295608e+00 -2.149546268084291167e+00 2.149546268084292056e+00 2.149546268084294720e+00 3.703612764517097311e+00 3.703612764517098199e+00 4.667466766810798973e+00 4.667466766810799861e+00
2.730000000000000000e+02 -4.679637762386515298e+00 -4.679637762386514410e+00 -3.705777368675376771e+00 -3.705777368675375438e+00 -2.101430680713952448e+00 -2.101430680713951116e+00 2.101430680713949783e+00 2.101430680713952004e+00 3.705777368675377215e+00 3.705777368675378991e+00 4.679637762386515298e+00 4.679637762386515298e+00
2.740000000000000000e+02 -4.691354103643301521e+00 -4.691354103643300633e+00 -3.707960625818754075e+00 -3.707960625818752298e+00 -2.053252646323619590e+00 -2.053252646323618258e+00 2.053252646323619146e+00 2.053252646323620478e+00 3.707960625818753186e+00 3.707960625818754075e+00 4.691354103643299744e+00 4.691354103643299744e+00
2.750000000000000000e+02 -4.702614809177622313e+00 -4.702614809177620536e+00 -3.710155752891645342e+00 -3.710155752891644010e+00 -2.005080094962580883e+00 -2.005080094962575998e+00 2.005080094962576442e+00 2.005080094962579995e+00 3.710155752891645342e+00 3.710155752891646230e+00 4.702614809177621424e+00 4.702614809177621424e+00
2.760000000000000000e+02 -4.713419413874343711e+00 -4.713419413874341046e+00 -3.712355535361164804e+00 -3.712355535361164804e+00 -1.956986891367868964e+00 -1.956986891367864079e+00 1.956986891367865189e+00 1.956986891367867409e+00 3.712355535361165249e+00 3.712355535361170134e+00 4.713419413874341046e+00 4.713419413874343711e+00
2.770000000000000000e+02 -4.723767900363782246e+00 -4.723767900363780470e+00 -3.714552388947464312e+00 -3.714552388947463424e+00 -1.909053419976340704e+00 -1.909053419976339816e+00 1.909053419976339594e+00 1.909053419976343591e+00 3.714552388947465644e+00 3.714552388947466088e+00 4.723767900363782246e+00 4.723767900363784022e+00
2.780000000000000000e+02 -4.733660636591839221e+00 -4.733660636591839221e+00 -3.716738421503600787e+00 -3.716738421503597678e+00 -1.861367211982476233e+00 -1.861367211982472902e+00 1.861367211982472458e+00 1.861367211982474457e+00 3.716738421503600343e+00 3.716738421503601675e+00 4.733660636591838333e+00 4.733660636591839221e+00
2.790000000000000000e+02 -4.743098318833260940e+00 -4.743098318833260052e+00 -3.718905495011469053e+00 -3.718905495011466833e+00 -1.814023612604056312e+00 -1.814023612604054980e+00 1.814023612604055202e+00 1.814023612604056312e+00 3.718905495011467277e+00 3.718905495011471274e+00 4.743098318833260940e+00 4.743098318833261828e+00
2.800000000000000000e+02 -4.752081919571220503e+00 -4.752081919571217838e+00 -3.721045287593542472e+00 -3.721045287593541140e+00 -1.767126483438165696e+00 -1.767126483438161033e+00 1.767126483438162809e+00 1.767126483438164586e+00 3.721045287593540252e+00 3.721045287593542916e+00 4.752081919571219615e+00 4.752081919571219615e+00
2.810000000000000000e+02 -4.760612639746219621e+00 -4.760612639746219621e+00 -3.723149355386107917e+00 -3.723149355386106141e+00 -1.720788930188114296e+00 -1.720788930188110077e+00 1.720788930188108745e+00 1.720788930188113852e+00 3.723149355386107917e+00 3.723149355386111914e+00 4.760612639746220509e+00 4.760612639746221397e+00
2.820000000000000000e+02 -4.768691864945851400e+00 -4.768691864945848735e+00 -3.725209194076584573e+00 -3.725209194076581021e+00 -1.675134039755771687e+00 -1.675134039755768578e+00 1.675134039755768356e+00 1.675134039755768356e+00 3.725209194076584573e+00 3.725209194076585906e+00 4.768691864945849623e+00 4.768691864945850512e+00
2.830000000000000000e+02 -4.776321125166039572e+00 -4.776321125166038684e+00 -3.727216299873943761e+00 -3.727216299873942873e+00 -1.630295602326790050e+00 -1.630295602326788273e+00 1.630295602326787829e+00 1.630295602326792492e+00 3.727216299873942873e+00 3.727216299873942873e+00 4.776321125166039572e+00 4.776321125166042236e+00
2.840000000000000000e+02 -4.783502057825899989e+00 -4.783502057825898213e+00 -3.729162229655943239e+00 -3.729162229655941907e+00 -1.586418783242350861e+00 -1.586418783242348196e+00 1.586418783242348862e+00 1.586418783242350861e+00 3.729162229655942351e+00 3.729162229655945460e+00 4.783502057825899101e+00 4.783502057825900877e+00
2.850000000000000000e+02 -4.790236373762827959e+00 -4.790236373762821742e+00 -3.731038660018823450e+00 -3.731038660018821229e+00 -1.543660695852336673e+00 -1.543660695852336451e+00 1.543660695852335119e+00 1.543660695852338005e+00 3.731038660018823450e+00 3.731038660018823894e+00 4.790236373762823519e+00 4.790236373762826183e+00
2.860000000000000000e+02 -4.796525825973719570e+00 -4.796525825973719570e+00 -3.732837444943362559e+00 -3.732837444943361227e+00 -1.502190810105788366e+00 -1.502190810105785701e+00 1.502190810105786589e+00 1.502190810105790142e+00 3.732837444943360783e+00 3.732837444943364780e+00 4.796525825973721346e+00 4.796525825973724011e+00
2.870000000000000000e+02 -4.802372180902457544e+00 -4.802372180902453991e+00 -3.734550671784931719e+00 -3.734550671784930831e+00 -1.462191112703393525e+00 -1.462191112703391527e+00 1.462191112703392193e+00 1.462191112703392415e+00 3.734550671784928610e+00 3.734550671784930831e+00 4.802372180902452214e+00 4.802372180902458432e+00
2.880000000000000000e+02 -4.807777192103660724e+00 -4.807777192103660724e+00 -3.736170715293722022e+00 -3.736170715293718469e+00 -1.423855914269422485e+00 -1.423855914269420708e+00 1.423855914269421818e+00 1.423855914269423373e+00 3.736170715293720246e+00 3.736170715293725131e+00 4.807777192103658948e+00 4.807777192103664277e+00
2.890000000000000000e+02 -4.812742576139508621e+00 -4.812742576139505957e+00 -3.737690289374200781e+00 -3.737690289374199004e+00 -1.387391179307275957e+00 -1.387391179307274180e+00 1.387391179307276179e+00 1.387391179307277733e+00 3.737690289374199448e+00 3.737690289374201225e+00 4.812742576139505069e+00 4.812742576139510398e+00
2.900000000000000000e+02 -4.817269990589229778e+00 -4.817269990589226225e+00 -3.739102496299280265e+00 -3.739102496299279377e+00 -1.353013239213964214e+00 -1.353013239213962438e+00 1.353013239213961327e+00 1.353013239213964880e+00 3.739102496299280265e+00 3.739102496299281153e+00 4.817269990589228890e+00 4.817269990589230666e+00
2.910000000000000000e+02 -4.821361014071376516e+00 -4.821361014071376516e+00 -3.740400873104467117e+00 -3.740400873104464896e+00 -1.320946742549867325e+00 -1.320946742549866215e+00 1.320946742549865993e+00 1.320946742549866437e+00 3.740400873104467117e+00 3.740400873104469781e+00 4.821361014071376516e+00 4.821361014071380957e+00
2.920000000000000000e+02 -4.825017128196541272e+00 -4.825017128196540384e+00 -3.741579434899931389e+00 -3.741579434899930501e+00 -1.291421706907575961e+00 -1.291421706907572853e+00 1.291421706907572409e+00 1.291421706907575517e+00 3.741579434899932721e+00 3.741579434899934054e+00 4.825017128196536831e+00 4.825017128196543936e+00
2.930000000000000000e+02 -4.828239701383464144e+00 -4.828239701383463256e+00 -3.742632714853538545e+00 -3.742632714853537657e+00 -1.264669570844034530e+00 -1.264669570844030533e+00 1.264669570844031643e+00 1.264669570844034530e+00 3.742632714853533216e+00 3.742632714853540321e+00 4.828239701383465921e+00 4.828239701383467697e+00
2.940000000000000000e+02 -4.831029974484655654e+00 -4.831029974484652101e+00 -3.743555800615220530e+00 -3.743555800615220086e+00 -1.240918209500357250e+00 -1.240918209500354141e+00 1.240918209500354807e+00 1.240918209500355918e+00 3.743555800615219642e+00 3.743555800615224083e+00 4.831029974484652989e+00 4.831029974484657430e+00
2.950000000000000000e+02 -4.833389048178685421e+00 -4.833389048178683645e+00 -3.744344366972409688e+00 -3.744344366972409244e+00 -1.220385977432884239e+00 -1.220385977432883573e+00 1.220385977432883351e+00 1.220385977432884905e+00 3.744344366972408800e+00 3.744344366972409244e+00 4.833389048178685421e+00 4.833389048178689862e+00
2.960000000000000000e+02 -4.835317872095824754e+00 -4.835317872095822977e+00 -3.744994704547134123e+00 -3.744994704547132347e+00 -1.203274973673185144e+00 -1.203274973673182924e+00 1.203274973673184700e+00 1.203274973673186254e+00 3.744994704547131903e+00 3.744994704547134123e+00 4.835317872095823866e+00 4.835317872095824754e+00
2.970000000000000000e+02 -4.836817235651369451e+00 -4.836817235651368563e+00 -3.745503744367856047e+00 -3.745503744367854715e+00 -1.189763873867443200e+00 -1.189763873867442756e+00 1.189763873867442090e+00 1.189763873867443644e+00 3.745503744367856491e+00 3.745503744367857379e+00 4.836817235651367675e+00 4.836817235651371227e+00
2.980000000000000000e+02 -4.837887760567445739e+00 -4.837887760567444850e+00 -3.745869078172712197e+00 -3.745869078172710420e+00 -1.180000817842416838e+00 -1.180000817842415062e+00 1.180000817842416616e+00 1.180000817842418614e+00 3.745869078172710420e+00 3.745869078172712641e+00 4.837887760567443074e+00 4.837887760567446627e+00
2.990000000000000000e+02 -4.838529895069248354e+00 -4.838529895069247466e+00 -3.746088974325540555e+00 -3.746088974325538778e+00 -1.174096944659425157e+00 -1.174096944659423603e+00 1.174096944659425379e+00 1.174096944659425379e+00 3.746088974325538778e+00 3.746088974325540555e+00 4.838529895069250131e+00 4.838529895069251907e+00
