0.000000000000000000e+00 -3.694207589640914779e+00 -3.694207589640913447e+00 -1.917324079215798172e+00 -1.917324079215797061e+00 -3.433728506925957658e-01 -3.433728506925953772e-01 3.433728506925952106e-01 3.433728506925957658e-01 1.917324079215797505e+00 1.917324079215798172e+00 3.694207589640913003e+00 3.694207589640913891e+00
1.000000000000000000e+00 -3.693798853821184558e+00 -3.693798853821183670e+00 -1.917444385164607246e+00 -1.917444385164606580e+00 -3.472051510276716324e-01 -3.472051510276711883e-01 3.472051510276711883e-01 3.472051510276711883e-01 1.917444385164606580e+00 1.917444385164607690e+00 3.693798853821182337e+00 3.693798853821185002e+00
2.000000000000000000e+00 -3.692572673736711053e+00 -3.692572673736709277e+00 -1.917806004716125168e+00 -1.917806004716124280e+00 -3.584487467078305012e-01 -3.584487467078297240e-01 3.584487467078292799e-01 3.584487467078300571e-01 1.917806004716123613e+00 1.917806004716123613e+00 3.692572673736711053e+00 3.692572673736712385e+00
3.000000000000000000e+00 -3.690529132948122015e+00 -3.690529132948119795e+00 -1.918411054582035424e+00 -1.918411054582034980e+00 -3.764184618099074564e-01 -3.764184618099045143e-01 3.764184618099055135e-01 3.764184618099055690e-01 1.918411054582034536e+00 1.918411054582035646e+00 3.690529132948122015e+00 3.690529132948122015e+00
4.000000000000000000e+00 -3.687668375507114238e+00 -3.687668375507113350e+00 -1.919263101524358195e+00 -1.919263101524356196e+00 -4.001750732128511179e-01 -4.001750732128497301e-01 4.001750732128508958e-01 4.001750732128517285e-01 1.919263101524356419e+00 1.919263101524356641e+00 3.687668375507113350e+00 3.687668375507115126e+00
5.000000000000000000e+00 -3.683990613117680279e+00 -3.683990613117676283e+00 -1.920367221608657360e+00 -1.920367221608656250e+00 -4.287125333075041955e-01 -4.287125333075025302e-01 4.287125333075010314e-01 4.287125333075010314e-01 1.920367221608656916e+00 1.920367221608657360e+00 3.683990613117677615e+00 3.683990613117679391e+00
6.000000000000000000e+00 -3.679496135133335510e+00 -3.679496135133332402e+00 -1.921730084932197435e+00 -1.921730084932196991e+00 -4.610893048353233437e-01 -4.610893048353232881e-01 4.610893048353235657e-01 4.610893048353239543e-01 1.921730084932196547e+00 1.921730084932196991e+00 3.679496135133334178e+00 3.679496135133335510e+00
7.000000000000000000e+00 -3.674185321364233481e+00 -3.674185321364232149e+00 -1.923360067584243271e+00 -1.923360067584240829e+00 -4.964916117001996754e-01 -4.964916117001996199e-01 4.964916117001985651e-01 4.964916117001998974e-01 1.923360067584241273e+00 1.923360067584243049e+00 3.674185321364233481e+00 3.674185321364233481e+00
8.000000000000000000e+00 -3.668058657663908484e+00 -3.668058657663904043e+00 -1.925267393063305965e+00 -1.925267393063305077e+00 -5.342473259570523769e-01 -5.342473259570514887e-01 5.342473259570508226e-01 5.342473259570515998e-01 1.925267393063306409e+00 1.925267393063307075e+00 3.668058657663906708e+00 3.668058657663907596e+00
9.000000000000000000e+00 -3.661116754264059026e+00 -3.661116754264058137e+00 -1.927464305796147137e+00 -1.927464305796145805e+00 -5.738138564451693568e-01 -5.738138564451693568e-01 5.738138564451692458e-01 5.738138564451701340e-01 1.927464305796145583e+00 1.927464305796145805e+00 3.661116754264058137e+00 3.661116754264058137e+00
1.000000000000000000e+01 -3.653360366827662631e+00 -3.653360366827662631e+00 -1.929965279737616335e+00 -1.929965279737614114e+00 -6.147564822266512463e-01 -6.147564822266506912e-01 6.147564822266518014e-01 6.147564822266520235e-01 1.929965279737613892e+00 1.929965279737615003e+00 3.653360366827660854e+00 3.653360366827664851e+00
1.100000000000000000e+01 -3.644790420196759140e+00 -3.644790420196759140e+00 -1.932787265218301354e+00 -1.932787265218298911e+00 -6.567258357395128199e-01 -6.567258357395114876e-01 6.567258357395102664e-01 6.567258357395112656e-01 1.932787265218301576e+00 1.932787265218302242e+00 3.644790420196758252e+00 3.644790420196758696e+00
1.200000000000000000e+01 -3.635408034822389833e+00 -3.635408034822388501e+00 -1.935949977154980628e+00 -1.935949977154978852e+00 -6.994381181299030859e-01 -6.994381181299010874e-01 6.994381181299011985e-01 6.994381181299023087e-01 1.935949977154978630e+00 1.935949977154980850e+00 3.635408034822387613e+00 3.635408034822388501e+00
1.300000000000000000e+01 -3.625214555881400180e+00 -3.625214555881398848e+00 -1.939476227308621237e+00 -1.939476227308621015e+00 -7.426589698146470742e-01 -7.426589698146451868e-01 7.426589698146461860e-01 7.426589698146470742e-01 1.939476227308621237e+00 1.939476227308621459e+00 3.625214555881398404e+00 3.625214555881399292e+00
1.400000000000000000e+01 -3.614211585109536884e+00 -3.614211585109536440e+00 -1.943392302264664639e+00 -1.943392302264662197e+00 -7.861907799655002416e-01 -7.861907799654994644e-01 7.861907799654999085e-01 7.861907799655006857e-01 1.943392302264663307e+00 1.943392302264663529e+00 3.614211585109535552e+00 3.614211585109536884e+00
1.500000000000000000e+01 -3.602401015413958962e+00 -3.602401015413958074e+00 -1.947728386935296152e+00 -1.947728386935295264e+00 -8.298628484228672830e-01 -8.298628484228667279e-01 8.298628484228670610e-01 8.298628484228676161e-01 1.947728386935296152e+00 1.947728386935296818e+00 3.602401015413954521e+00 3.602401015413957630e+00
1.600000000000000000e+01 -3.589785068373290589e+00 -3.589785068373289256e+00 -1.952519030252785948e+00 -1.952519030252784837e+00 -8.735237790701362304e-01 -8.735237790701350091e-01 8.735237790701343430e-01 8.735237790701343430e-01 1.952519030252784837e+00 1.952519030252785726e+00 3.589785068373291033e+00 3.589785068373291921e+00
1.700000000000000000e+01 -3.576366334791998725e+00 -3.576366334791997836e+00 -1.957803644818419286e+00 -1.957803644818419064e+00 -9.170355716878966224e-01 -9.170355716878951791e-01 9.170355716878941799e-01 9.170355716878944019e-01 1.957803644818419508e+00 1.957803644818419508e+00 3.576366334791997392e+00 3.576366334791998725e+00
1.800000000000000000e+01 -3.562147818551848033e+00 -3.562147818551843592e+00 -1.963627024941882127e+00 -1.963627024941881904e+00 -9.602689968339850335e-01 -9.602689968339847004e-01 9.602689968339840343e-01 9.602689968339842563e-01 1.963627024941881460e+00 1.963627024941881460e+00 3.562147818551845813e+00 3.562147818551848033e+00
1.900000000000000000e+01 -3.547132984101204922e+00 -3.547132984101204478e+00 -1.970039856989608040e+00 -1.970039856989607818e+00 -1.003099950437643884e+00 -1.003099950437643439e+00 1.003099950437640775e+00 1.003099950437641219e+00 1.970039856989608262e+00 1.970039856989608706e+00 3.547132984101205366e+00 3.547132984101207143e+00
2.000000000000000000e+01 -3.531325808048987547e+00 -3.531325808048983994e+00 -1.977099181477102618e+00 -1.977099181477099954e+00 -1.045406582040276033e+00 -1.045406582040275589e+00 1.045406582040275589e+00 1.045406582040276033e+00 1.977099181477101286e+00 1.977099181477101508e+00 3.531325808048982662e+00 3.531325808048985326e+00
2.100000000000000000e+01 -3.514730835492519745e+00 -3.514730835492518857e+00 -1.984868747294293856e+00 -1.984868747294291413e+00 -1.087067073277988349e+00 -1.087067073277987461e+00 1.087067073277985685e+00 1.087067073277987017e+00 1.984868747294293412e+00 1.984868747294293412e+00 3.514730835492517969e+00 3.514730835492518857e+00
2.200000000000000000e+01 -3.497353241919658018e+00 -3.497353241919657574e+00 -1.993419174825245888e+00 -1.993419174825245443e+00 -1.127958014293336086e+00 -1.127958014293335864e+00 1.127958014293335420e+00 1.127958014293335864e+00 1.993419174825244111e+00 1.993419174825244333e+00 3.497353241919656686e+00 3.497353241919658462e+00
2.300000000000000000e+01 -3.479198901799960275e+00 -3.479198901799958499e+00 -2.002827817708673130e+00 -2.002827817708670466e+00 -1.167953387625968897e+00 -1.167953387625968675e+00 1.167953387625964901e+00 1.167953387625966677e+00 2.002827817708672242e+00 2.002827817708672686e+00 3.479198901799959387e+00 3.479198901799959387e+00
2.400000000000000000e+01 -3.460274465341721672e+00 -3.460274465341720784e+00 -2.013178185905572626e+00 -2.013178185905571738e+00 -1.206924221559502852e+00 -1.206924221559500854e+00 1.206924221559501520e+00 1.206924221559501742e+00 2.013178185905572626e+00 2.013178185905572626e+00 3.460274465341718564e+00 3.460274465341719896e+00
2.500000000000000000e+01 -3.440587445371402708e+00 -3.440587445371402708e+00 -2.024558772100826687e+00 -2.024558772100823578e+00 -1.244739013851482001e+00 -1.244739013851480447e+00 1.244739013851480447e+00 1.244739013851480669e+00 2.024558772100823578e+00 2.024558772100825355e+00 3.440587445371401820e+00 3.440587445371403597e+00
2.600000000000000000e+01 -3.420146316936514275e+00 -3.420146316936513387e+00 -2.037061119746893301e+00 -2.037061119746892413e+00 -1.281265043601636400e+00 -1.281265043601636178e+00 1.281265043601634401e+00 1.281265043601635512e+00 2.037061119746895077e+00 2.037061119746895965e+00 3.420146316936511610e+00 3.420146316936512498e+00
2.700000000000000000e+01 -3.398960633107717122e+00 -3.398960633107717122e+00 -2.050776998370437809e+00 -2.050776998370435145e+00 -1.316370670928745934e+00 -1.316370670928744824e+00 1.316370670928744602e+00 1.316370670928746600e+00 2.050776998370436477e+00 2.050776998370437365e+00 3.398960633107714902e+00 3.398960633107716234e+00
2.800000000000000000e+01 -3.377041161659209756e+00 -3.377041161659209312e+00 -2.065794625110284777e+00 -2.065794625110283889e+00 -1.349928657030720958e+00 -1.349928657030720736e+00 1.349928657030719847e+00 1.349928657030720958e+00 2.065794625110283889e+00 2.065794625110284777e+00 3.377041161659209756e+00 3.377041161659211532e+00
2.900000000000000000e+01 -3.354400048983229077e+00 -3.354400048983226412e+00 -2.082194000456077276e+00 -2.082194000456073724e+00 -1.381820412056740111e+00 -1.381820412056737002e+00 1.381820412056737002e+00 1.381820412056737668e+00 2.082194000456076388e+00 2.082194000456076832e+00 3.354400048983228633e+00 3.354400048983229077e+00
3.000000000000000000e+01 -3.331051019965899140e+00 -3.331051019965898696e+00 -2.100041605490631902e+00 -2.100041605490630570e+00 -1.411940900644379271e+00 -1.411940900644379271e+00 1.411940900644378827e+00 1.411940900644379271e+00 2.100041605490631902e+00 2.100041605490633234e+00 3.331051019965900029e+00 3.331051019965900029e+00
3.100000000000000000e+01 -3.307009625956571330e+00 -3.307009625956569998e+00 -2.119384907907253979e+00 -2.119384907907252646e+00 -1.440203734703716210e+00 -1.440203734703715321e+00 1.440203734703715766e+00 1.440203734703715766e+00 2.119384907907253535e+00 2.119384907907254867e+00 3.307009625956569110e+00 3.307009625956569110e+00
3.200000000000000000e+01 -3.282293557931769357e+00 -3.282293557931766248e+00 -2.140247288327096875e+00 -2.140247288327095099e+00 -1.466545816152755366e+00 -1.466545816152754034e+00 1.466545816152754034e+00 1.466545816152754256e+00 2.140247288327095543e+00 2.140247288327097319e+00 3.282293557931767580e+00 3.282293557931769357e+00
3.300000000000000000e+01 -3.256923049333686038e+00 -3.256923049333685150e+00 -2.162624056626599511e+00 -2.162624056626599067e+00 -1.490930828530769858e+00 -1.490930828530769192e+00 1.490930828530768304e+00 1.490930828530769414e+00 2.162624056626598623e+00 2.162624056626599067e+00 3.256923049333685150e+00 3.256923049333686038e+00
3.400000000000000000e+01 -3.230921404224393001e+00 -3.230921404224393001e+00 -2.186480124522002022e+00 -2.186480124522001134e+00 -1.513350970086649649e+00 -1.513350970086648095e+00 1.513350970086647429e+00 1.513350970086648317e+00 2.186480124522002022e+00 2.186480124522002910e+00 3.230921404224393001e+00 3.230921404224393001e+00
3.500000000000000000e+01 -3.204315703617435229e+00 -3.204315703617433897e+00 -2.211749627786637085e+00 -2.211749627786636641e+00 -1.533826577647597889e+00 -1.533826577647595890e+00 1.533826577647594780e+00 1.533826577647596556e+00 2.211749627786636641e+00 2.211749627786637529e+00 3.204315703617433897e+00 3.204315703617435673e+00
3.600000000000000000e+01 -3.177137769986596361e+00 -3.177137769986595028e+00 -2.238337404436485656e+00 -2.238337404436485656e+00 -1.552403651298265963e+00 -1.552403651298265519e+00 1.552403651298266185e+00 1.552403651298266407e+00 2.238337404436485656e+00 2.238337404436486100e+00 3.177137769986595028e+00 3.177137769986595917e+00
3.700000000000000000e+01 -3.149425513702696300e+00 -3.149425513702694968e+00 -2.266121832859569807e+00 -2.266121832859568475e+00 -1.569149649154991888e+00 -1.569149649154991222e+00 1.569149649154990112e+00 1.569149649154991000e+00 2.266121832859568919e+00 2.266121832859571139e+00 3.149425513702697632e+00 3.149425513702697632e+00
3.800000000000000000e+01 -3.121224857421851073e+00 -3.121224857421849741e+00 -2.294958210046338376e+00 -2.294958210046337932e+00 -1.584148173576438889e+00 -1.584148173576438001e+00 1.584148173576437335e+00 1.584148173576437779e+00 2.294958210046338820e+00 2.294958210046338820e+00 3.121224857421850185e+00 3.121224857421850185e+00
3.900000000000000000e+01 -3.092592556977070473e+00 -3.092592556977069584e+00 -2.324681642390472369e+00 -2.324681642390470593e+00 -1.597493255719806937e+00 -1.597493255719806049e+00 1.597493255719804495e+00 1.597493255719805605e+00 2.324681642390471037e+00 2.324681642390471481e+00 3.092592556977069140e+00 3.092592556977070029e+00
4.000000000000000000e+01 -3.063600450832480337e+00 -3.063600450832479449e+00 -2.355108283161934768e+00 -2.355108283161933880e+00 -1.609283870541459827e+00 -1.609283870541459383e+00 1.609283870541458938e+00 1.609283870541459605e+00 2.355108283161933880e+00 2.355108283161933880e+00 3.063600450832479449e+00 3.063600450832480337e+00
4.100000000000000000e+01 -3.034342052901913611e+00 -3.034342052901913611e+00 -2.386033547569238245e+00 -2.386033547569238245e+00 -1.619619135052692060e+00 -1.619619135052690506e+00 1.619619135052690062e+00 1.619619135052690950e+00 2.386033547569239577e+00 2.386033547569240021e+00 3.034342052901913611e+00 3.034342052901913611e+00
4.200000000000000000e+01 -3.004943109168538129e+00 -3.004943109168537685e+00 -2.417225443043512279e+00 -2.417225443043509614e+00 -1.628594430513255142e+00 -1.628594430513254920e+00 1.628594430513253366e+00 1.628594430513254254e+00 2.417225443043510502e+00 2.417225443043510946e+00 3.004943109168538129e+00 3.004943109168538129e+00
4.300000000000000000e+01 -2.975579072228248911e+00 -2.975579072228248023e+00 -2.448410006415621787e+00 -2.448410006415621787e+00 -1.636298501707367015e+00 -1.636298501707366349e+00 1.636298501707367015e+00 1.636298501707367015e+00 2.448410006415621343e+00 2.448410006415623119e+00 2.975579072228247579e+00 2.975579072228247579e+00
4.400000000000000000e+01 -2.946505006966944951e+00 -2.946505006966943618e+00 -2.479243413776737626e+00 -2.479243413776736737e+00 -1.642811453398892452e+00 -1.642811453398891786e+00 1.642811453398891341e+00 1.642811453398892230e+00 2.479243413776738514e+00 2.479243413776738958e+00 2.946505006966942730e+00 2.946505006966943618e+00
4.500000000000000000e+01 -2.918108296506845889e+00 -2.918108296506844557e+00 -2.509260546937389424e+00 -2.509260546937388536e+00 -1.648203490149711126e+00 -1.648203490149710682e+00 1.648203490149710015e+00 1.648203490149711348e+00 2.509260546937390313e+00 2.509260546937390313e+00 2.918108296506844113e+00 2.918108296506845001e+00
4.600000000000000000e+01 -2.891002963965180861e+00 -2.891002963965179973e+00 -2.537781379628814893e+00 -2.537781379628814005e+00 -1.652534220168550894e+00 -1.652534220168550894e+00 1.652534220168551338e+00 1.652534220168551338e+00 2.537781379628815781e+00 2.537781379628816669e+00 2.891002963965178640e+00 2.891002963965179084e+00
4.700000000000000000e+01 -2.866194227195930644e+00 -2.866194227195927979e+00 -2.563746738287052018e+00 -2.563746738287051574e+00 -1.655852350640564241e+00 -1.655852350640563797e+00 1.655852350640563575e+00 1.655852350640564463e+00 2.563746738287052462e+00 2.563746738287053795e+00 2.866194227195926203e+00 2.866194227195927979e+00
4.800000000000000000e+01 -2.845326135462518113e+00 -2.845326135462517669e+00 -2.585470736370248712e+00 -2.585470736370247824e+00 -1.658195626197844108e+00 -1.658195626197843220e+00 1.658195626197843664e+00 1.658195626197843886e+00 2.585470736370248268e+00 2.585470736370249600e+00 2.845326135462518113e+00 2.845326135462518558e+00
4.900000000000000000e+01 -2.830864486619141029e+00 -2.830864486619137921e+00 -2.600457800793354313e+00 -2.600457800793353869e+00 -1.659590893016946733e+00 -1.659590893016946511e+00 1.659590893016946289e+00 1.659590893016946733e+00 2.600457800793353869e+00 2.600457800793354313e+00 2.830864486619138809e+00 2.830864486619139253e+00
5.000000000000000000e+01 -2.825594419185573081e+00 -2.825594419185570416e+00 -2.605904982336779252e+00 -2.605904982336777476e+00 -1.660054202033497850e+00 -1.660054202033497406e+00 1.660054202033496962e+00 1.660054202033497184e+00 2.605904982336778364e+00 2.605904982336778808e+00 2.825594419185571748e+00 2.825594419185573081e+00
5.100000000000000000e+01 -2.830864486619140141e+00 -2.830864486619139253e+00 -2.600457800793354757e+00 -2.600457800793352980e+00 -1.659590893016947843e+00 -1.659590893016947177e+00 1.659590893016946289e+00 1.659590893016946733e+00 2.600457800793354313e+00 2.600457800793356089e+00 2.830864486619140141e+00 2.830864486619141029e+00
5.200000000000000000e+01 -2.845326135462518558e+00 -2.845326135462518113e+00 -2.585470736370248268e+00 -2.585470736370247824e+00 -1.658195626197844108e+00 -1.658195626197843664e+00 1.658195626197843886e+00 1.658195626197843886e+00 2.585470736370247824e+00 2.585470736370248268e+00 2.845326135462516337e+00 2.845326135462518558e+00
5.300000000000000000e+01 -2.866194227195927979e+00 -2.866194227195927091e+00 -2.563746738287053351e+00 -2.563746738287052462e+00 -1.655852350640565795e+00 -1.655852350640564463e+00 1.655852350640563353e+00 1.655852350640563575e+00 2.563746738287051574e+00 2.563746738287052462e+00 2.866194227195929312e+00 2.866194227195929312e+00
5.400000000000000000e+01 -2.891002963965179084e+00 -2.891002963965177752e+00 -2.537781379628816669e+00 -2.537781379628815337e+00 -1.652534220168552004e+00 -1.652534220168551338e+00 1.652534220168550005e+00 1.652534220168550672e+00 2.537781379628813117e+00 2.537781379628816225e+00 2.891002963965176864e+00 2.891002963965180417e+00
5.500000000000000000e+01 -2.918108296506845445e+00 -2.918108296506845001e+00 -2.509260546937392089e+00 -2.509260546937390313e+00 -1.648203490149710904e+00 -1.648203490149710904e+00 1.648203490149710237e+00 1.648203490149711570e+00 2.509260546937388980e+00 2.509260546937389869e+00 2.918108296506845889e+00 2.918108296506846333e+00
5.600000000000000000e+01 -2.946505006966944062e+00 -2.946505006966943174e+00 -2.479243413776738514e+00 -2.479243413776738070e+00 -1.642811453398892674e+00 -1.642811453398892674e+00 1.642811453398891564e+00 1.642811453398892896e+00 2.479243413776736737e+00 2.479243413776737626e+00 2.946505006966944062e+00 2.946505006966944951e+00
5.700000000000000000e+01 -2.975579072228249355e+00 -2.975579072228248467e+00 -2.448410006415622675e+00 -2.448410006415622231e+00 -1.636298501707367903e+00 -1.636298501707367459e+00 1.636298501707367237e+00 1.636298501707367903e+00 2.448410006415621787e+00 2.448410006415622675e+00 2.975579072228248023e+00 2.975579072228248911e+00
5.800000000000000000e+01 -3.004943109168539017e+00 -3.004943109168539017e+00 -2.417225443043512279e+00 -2.417225443043510946e+00 -1.628594430513254254e+00 -1.628594430513254254e+00 1.628594430513253810e+00 1.628594430513254698e+00 2.417225443043510502e+00 2.417225443043511834e+00 3.004943109168538129e+00 3.004943109168538573e+00
5.900000000000000000e+01 -3.034342052901913611e+00 -3.034342052901912723e+00 -2.386033547569239133e+00 -2.386033547569238245e+00 -1.619619135052691172e+00 -1.619619135052691172e+00 1.619619135052689840e+00 1.619619135052689840e+00 2.386033547569237800e+00 2.386033547569240909e+00 3.034342052901910947e+00 3.034342052901913611e+00
6.000000000000000000e+01 -3.063600450832481226e+00 -3.063600450832480337e+00 -2.355108283161934768e+00 -2.355108283161934324e+00 -1.609283870541460049e+00 -1.609283870541458716e+00 1.609283870541459605e+00 1.609283870541460271e+00 2.355108283161934768e+00 2.355108283161934768e+00 3.063600450832478561e+00 3.063600450832482114e+00
6.100000000000000000e+01 -3.092592556977070029e+00 -3.092592556977069140e+00 -2.324681642390470593e+00 -2.324681642390470149e+00 -1.597493255719805827e+00 -1.597493255719804717e+00 1.597493255719805161e+00 1.597493255719806271e+00 2.324681642390470593e+00 2.324681642390471037e+00 3.092592556977069584e+00 3.092592556977070917e+00
6.200000000000000000e+01 -3.121224857421851073e+00 -3.121224857421850185e+00 -2.294958210046339708e+00 -2.294958210046338820e+00 -1.584148173576438445e+00 -1.584148173576438223e+00 1.584148173576438223e+00 1.584148173576438223e+00 2.294958210046337044e+00 2.294958210046339708e+00 3.121224857421849297e+00 3.121224857421851073e+00
6.300000000000000000e+01 -3.149425513702696744e+00 -3.149425513702696744e+00 -2.266121832859570251e+00 -2.266121832859569363e+00 -1.569149649154990778e+00 -1.569149649154989890e+00 1.569149649154990556e+00 1.569149649154991666e+00 2.266121832859568030e+00 2.266121832859570251e+00 3.149425513702694968e+00 3.149425513702697188e+00
6.400000000000000000e+01 -3.177137769986595917e+00 -3.177137769986595472e+00 -2.238337404436486544e+00 -2.238337404436485212e+00 -1.552403651298267739e+00 -1.552403651298267073e+00 1.552403651298265519e+00 1.552403651298265741e+00 2.238337404436485656e+00 2.238337404436486100e+00 3.177137769986595472e+00 3.177137769986597249e+00
6.500000000000000000e+01 -3.204315703617434785e+00 -3.204315703617434785e+00 -2.211749627786637085e+00 -2.211749627786637085e+00 -1.533826577647595890e+00 -1.533826577647595668e+00 1.533826577647593892e+00 1.533826577647595446e+00 2.211749627786637529e+00 2.211749627786638417e+00 3.204315703617434341e+00 3.204315703617434785e+00
6.600000000000000000e+01 -3.230921404224392113e+00 -3.230921404224392113e+00 -2.186480124522004242e+00 -2.186480124522002466e+00 -1.513350970086649649e+00 -1.513350970086648095e+00 1.513350970086648317e+00 1.513350970086648317e+00 2.186480124522001134e+00 2.186480124522001578e+00 3.230921404224391225e+00 3.230921404224394333e+00
6.700000000000000000e+01 -3.256923049333686038e+00 -3.256923049333685150e+00 -2.162624056626598179e+00 -2.162624056626597735e+00 -1.490930828530769858e+00 -1.490930828530769636e+00 1.490930828530768526e+00 1.490930828530769636e+00 2.162624056626598623e+00 2.162624056626599511e+00 3.256923049333685150e+00 3.256923049333685150e+00
6.800000000000000000e+01 -3.282293557931768468e+00 -3.282293557931766692e+00 -2.140247288327098207e+00 -2.140247288327097763e+00 -1.466545816152755588e+00 -1.466545816152754478e+00 1.466545816152754700e+00 1.466545816152755366e+00 2.140247288327096431e+00 2.140247288327098651e+00 3.282293557931767580e+00 3.282293557931767580e+00
6.900000000000000000e+01 -3.307009625956570886e+00 -3.307009625956569554e+00 -2.119384907907255311e+00 -2.119384907907253535e+00 -1.440203734703717320e+00 -1.440203734703716876e+00 1.440203734703716432e+00 1.440203734703717320e+00 2.119384907907253091e+00 2.119384907907253535e+00 3.307009625956570886e+00 3.307009625956570886e+00
7.000000000000000000e+01 -3.331051019965900029e+00 -3.331051019965899140e+00 -2.100041605490631902e+00 -2.100041605490631902e+00 -1.411940900644379493e+00 -1.411940900644378161e+00 1.411940900644377939e+00 1.411940900644378161e+00 2.100041605490633234e+00 2.100041605490633678e+00 3.331051019965897808e+00 3.331051019965899140e+00
7.100000000000000000e+01 -3.354400048983228633e+00 -3.354400048983227745e+00 -2.082194000456077276e+00 -2.082194000456076388e+00 -1.381820412056738112e+00 -1.381820412056737446e+00 1.381820412056736336e+00 1.381820412056739666e+00 2.082194000456076388e+00 2.082194000456076832e+00 3.354400048983226856e+00 3.354400048983229077e+00
7.200000000000000000e+01 -3.377041161659211532e+00 -3.377041161659209756e+00 -2.065794625110284333e+00 -2.065794625110283889e+00 -1.349928657030720736e+00 -1.349928657030719847e+00 1.349928657030718293e+00 1.349928657030721624e+00 2.065794625110285221e+00 2.065794625110285665e+00 3.377041161659209756e+00 3.377041161659210644e+00
7.300000000000000000e+01 -3.398960633107715346e+00 -3.398960633107713125e+00 -2.050776998370436033e+00 -2.050776998370435589e+00 -1.316370670928745712e+00 -1.316370670928745268e+00 1.316370670928743492e+00 1.316370670928746156e+00 2.050776998370435589e+00 2.050776998370436033e+00 3.398960633107713569e+00 3.398960633107716678e+00
7.400000000000000000e+01 -3.420146316936512498e+00 -3.420146316936511610e+00 -2.037061119746894633e+00 -2.037061119746893301e+00 -1.281265043601635512e+00 -1.281265043601635290e+00 1.281265043601633957e+00 1.281265043601635067e+00 2.037061119746891968e+00 2.037061119746896853e+00 3.420146316936512942e+00 3.420146316936514275e+00
7.500000000000000000e+01 -3.440587445371404485e+00 -3.440587445371404485e+00 -2.024558772100825799e+00 -2.024558772100824910e+00 -1.244739013851481335e+00 -1.244739013851480447e+00 1.244739013851482001e+00 1.244739013851483556e+00 2.024558772100825355e+00 2.024558772100826687e+00 3.440587445371401820e+00 3.440587445371402708e+00
7.600000000000000000e+01 -3.460274465341718564e+00 -3.460274465341718564e+00 -2.013178185905571738e+00 -2.013178185905571738e+00 -1.206924221559502630e+00 -1.206924221559502630e+00 1.206924221559498189e+00 1.206924221559502408e+00 2.013178185905571294e+00 2.013178185905573070e+00 3.460274465341722117e+00 3.460274465341722561e+00
7.700000000000000000e+01 -3.479198901799960275e+00 -3.479198901799958943e+00 -2.002827817708674019e+00 -2.002827817708672686e+00 -1.167953387625966233e+00 -1.167953387625965567e+00 1.167953387625968453e+00 1.167953387625969341e+00 2.002827817708669578e+00 2.002827817708670022e+00 3.479198901799961163e+00 3.479198901799961163e+00
7.800000000000000000e+01 -3.497353241919657574e+00 -3.497353241919655797e+00 -1.993419174825246110e+00 -1.993419174825244777e+00 -1.127958014293336308e+00 -1.127958014293336086e+00 1.127958014293333422e+00 1.127958014293336753e+00 1.993419174825243001e+00 1.993419174825246554e+00 3.497353241919656242e+00 3.497353241919658018e+00
7.900000000000000000e+01 -3.514730835492521521e+00 -3.514730835492518857e+00 -1.984868747294295188e+00 -1.984868747294293634e+00 -1.087067073277987017e+00 -1.087067073277987017e+00 1.087067073277985463e+00 1.087067073277989238e+00 1.984868747294292080e+00 1.984868747294294522e+00 3.514730835492519745e+00 3.514730835492521965e+00
8.000000000000000000e+01 -3.531325808048982662e+00 -3.531325808048981774e+00 -1.977099181477101952e+00 -1.977099181477101286e+00 -1.045406582040276255e+00 -1.045406582040274923e+00 1.045406582040276255e+00 1.045406582040276477e+00 1.977099181477100620e+00 1.977099181477101286e+00 3.531325808048981774e+00 3.531325808048983994e+00
8.100000000000000000e+01 -3.547132984101207587e+00 -3.547132984101206699e+00 -1.970039856989608706e+00 -1.970039856989608706e+00 -1.003099950437641885e+00 -1.003099950437640553e+00 1.003099950437640109e+00 1.003099950437641885e+00 1.970039856989607818e+00 1.970039856989608928e+00 3.547132984101206254e+00 3.547132984101207587e+00
8.200000000000000000e+01 -3.562147818551847145e+00 -3.562147818551846257e+00 -1.963627024941882127e+00 -1.963627024941881682e+00 -9.602689968339855886e-01 -9.602689968339854776e-01 9.602689968339844784e-01 9.602689968339866988e-01 1.963627024941881904e+00 1.963627024941882127e+00 3.562147818551844480e+00 3.562147818551844924e+00
8.300000000000000000e+01 -3.576366334791998725e+00 -3.576366334791998280e+00 -1.957803644818421285e+00 -1.957803644818419953e+00 -9.170355716878951791e-01 -9.170355716878941799e-01 9.170355716878959562e-01 9.170355716878960672e-01 1.957803644818417288e+00 1.957803644818418842e+00 3.576366334791998725e+00 3.576366334792000501e+00
8.400000000000000000e+01 -3.589785068373291921e+00 -3.589785068373291477e+00 -1.952519030252785281e+00 -1.952519030252785059e+00 -8.735237790701343430e-01 -8.735237790701335658e-01 8.735237790701332328e-01 8.735237790701347871e-01 1.952519030252785059e+00 1.952519030252786392e+00 3.589785068373290589e+00 3.589785068373291921e+00
8.500000000000000000e+01 -3.602401015413957186e+00 -3.602401015413956298e+00 -1.947728386935297484e+00 -1.947728386935297040e+00 -8.298628484228668389e-01 -8.298628484228667279e-01 8.298628484228665059e-01 8.298628484228682822e-01 1.947728386935297262e+00 1.947728386935297262e+00 3.602401015413956298e+00 3.602401015413957186e+00
8.600000000000000000e+01 -3.614211585109536884e+00 -3.614211585109535552e+00 -1.943392302264664417e+00 -1.943392302264663529e+00 -7.861907799655009077e-01 -7.861907799655000195e-01 7.861907799655004636e-01 7.861907799655013518e-01 1.943392302264663307e+00 1.943392302264663751e+00 3.614211585109535552e+00 3.614211585109537328e+00
8.700000000000000000e+01 -3.625214555881399736e+00 -3.625214555881398848e+00 -1.939476227308621903e+00 -1.939476227308620793e+00 -7.426589698146472962e-01 -7.426589698146468521e-01 7.426589698146455198e-01 7.426589698146462970e-01 1.939476227308619904e+00 1.939476227308621237e+00 3.625214555881400180e+00 3.625214555881400180e+00
8.800000000000000000e+01 -3.635408034822388057e+00 -3.635408034822385837e+00 -1.935949977154980628e+00 -1.935949977154980184e+00 -6.994381181299027528e-01 -6.994381181299018646e-01 6.994381181299005323e-01 6.994381181299015315e-01 1.935949977154979074e+00 1.935949977154981516e+00 3.635408034822387169e+00 3.635408034822388501e+00
8.900000000000000000e+01 -3.644790420196760916e+00 -3.644790420196758696e+00 -1.932787265218303130e+00 -1.932787265218302908e+00 -6.567258357395119317e-01 -6.567258357395108215e-01 6.567258357395102664e-01 6.567258357395114876e-01 1.932787265218300465e+00 1.932787265218301131e+00 3.644790420196760028e+00 3.644790420196760028e+00
9.000000000000000000e+01 -3.653360366827661743e+00 -3.653360366827661299e+00 -1.929965279737615003e+00 -1.929965279737614114e+00 -6.147564822266519124e-01 -6.147564822266518014e-01 6.147564822266511353e-01 6.147564822266542439e-01 1.929965279737611894e+00 1.929965279737615003e+00 3.653360366827661743e+00 3.653360366827662631e+00
9.100000000000000000e+01 -3.661116754264059026e+00 -3.661116754264057249e+00 -1.927464305796145805e+00 -1.927464305796145583e+00 -5.738138564451709112e-01 -5.738138564451701340e-01 5.738138564451693568e-01 5.738138564451702450e-01 1.927464305796144917e+00 1.927464305796145805e+00 3.661116754264057249e+00 3.661116754264059914e+00
9.200000000000000000e+01 -3.668058657663906263e+00 -3.668058657663904931e+00 -1.925267393063307741e+00 -1.925267393063306853e+00 -5.342473259570510447e-01 -5.342473259570500455e-01 5.342473259570501565e-01 5.342473259570514887e-01 1.925267393063303967e+00 1.925267393063307519e+00 3.668058657663905819e+00 3.668058657663906263e+00
9.300000000000000000e+01 -3.674185321364233481e+00 -3.674185321364231260e+00 -1.923360067584242383e+00 -1.923360067584242161e+00 -4.964916117001994533e-01 -4.964916117001990092e-01 4.964916117001984541e-01 4.964916117001991758e-01 1.923360067584242383e+00 1.923360067584245048e+00 3.674185321364230372e+00 3.674185321364232593e+00
9.400000000000000000e+01 -3.679496135133335510e+00 -3.679496135133334178e+00 -1.921730084932197213e+00 -1.921730084932196991e+00 -4.610893048353257306e-01 -4.610893048353243984e-01 4.610893048353227330e-01 4.610893048353250645e-01 1.921730084932196103e+00 1.921730084932198102e+00 3.679496135133333734e+00 3.679496135133333734e+00
9.500000000000000000e+01 -3.683990613117679391e+00 -3.683990613117677615e+00 -1.920367221608656694e+00 -1.920367221608656028e+00 -4.287125333075014755e-01 -4.287125333075014755e-01 4.287125333075019751e-01 4.287125333075030853e-01 1.920367221608656250e+00 1.920367221608656694e+00 3.683990613117676727e+00 3.683990613117678059e+00
9.600000000000000000e+01 -3.687668375507114682e+00 -3.687668375507113350e+00 -1.919263101524357307e+00 -1.919263101524357085e+00 -4.001750732128512844e-01 -4.001750732128512844e-01 4.001750732128497856e-01 4.001750732128533383e-01 1.919263101524355530e+00 1.919263101524356641e+00 3.687668375507114682e+00 3.687668375507115570e+00
9.700000000000000000e+01 -3.690529132948123792e+00 -3.690529132948123792e+00 -1.918411054582034758e+00 -1.918411054582034092e+00 -3.764184618099059021e-01 -3.764184618099055690e-01 3.764184618099051249e-01 3.764184618099060131e-01 1.918411054582034980e+00 1.918411054582035424e+00 3.690529132948123348e+00 3.690529132948123348e+00
9.800000000000000000e+01 -3.692572673736710165e+00 -3.692572673736710165e+00 -1.917806004716124724e+00 -1.917806004716123836e+00 -3.584487467078310008e-01 -3.584487467078301126e-01 3.584487467078291134e-01 3.584487467078300016e-01 1.917806004716122281e+00 1.917806004716125390e+00 3.692572673736711053e+00 3.692572673736711941e+00
9.900000000000000000e+01 -3.693798853821182337e+00 -3.693798853821182337e+00 -1.917444385164607690e+00 -1.917444385164607024e+00 -3.472051510276724651e-01 -3.472051510276719100e-01 3.472051510276707997e-01 3.472051510276713548e-01 1.917444385164607024e+00 1.917444385164607246e+00 3.693798853821181449e+00 3.693798853821183226e+00
1.000000000000000000e+02 -3.694207589640913447e+00 -3.694207589640912115e+00 -1.917324079215798616e+00 -1.917324079215797061e+00 -3.433728506925951551e-01 -3.433728506925951551e-01 3.433728506925947666e-01 3.433728506925952106e-01 1.917324079215797727e+00 1.917324079215798394e+00 3.694207589640911227e+00 3.694207589640912115e+00
1.010000000000000000e+02 -3.694105405261058017e+00 -3.694105405261058017e+00 -1.917354144761429291e+00 -1.917354144761429069e+00 -3.443350472154598219e-01 -3.443350472154592112e-01 3.443350472154579345e-01 3.443350472154581010e-01 1.917354144761430623e+00 1.917354144761430845e+00 3.694105405261057129e+00 3.694105405261058905e+00
1.020000000000000000e+02 -3.693798853821183226e+00 -3.693798853821181893e+00 -1.917444385164608356e+00 -1.917444385164607912e+00 -3.472051510276711328e-01 -3.472051510276709663e-01 3.472051510276710773e-01 3.472051510276721320e-01 1.917444385164605469e+00 1.917444385164607912e+00 3.693798853821183670e+00 3.693798853821183670e+00
1.030000000000000000e+02 -3.693287940442824713e+00 -3.693287940442821604e+00 -1.917594931904624156e+00 -1.917594931904623712e+00 -3.519350441634472304e-01 -3.519350441634462867e-01 3.519350441634462312e-01 3.519350441634468418e-01 1.917594931904623046e+00 1.917594931904624156e+00 3.693287940442823825e+00 3.693287940442823825e+00
1.040000000000000000e+02 -3.692572673736711053e+00 -3.692572673736708833e+00 -1.917806004716123169e+00 -1.917806004716122281e+00 -3.584487467078307787e-01 -3.584487467078303347e-01 3.584487467078292799e-01 3.584487467078319445e-01 1.917806004716120727e+00 1.917806004716122503e+00 3.692572673736710165e+00 3.692572673736710165e+00
1.050000000000000000e+02 -3.691653065914975329e+00 -3.691653065914974885e+00 -1.918077912496317206e+00 -1.918077912496316983e+00 -3.666479542035637196e-01 -3.666479542035629979e-01 3.666479542035631645e-01 3.666479542035646633e-01 1.918077912496314985e+00 1.918077912496317872e+00 3.691653065914975329e+00 3.691653065914976217e+00
1.060000000000000000e+02 -3.690529132948124680e+00 -3.690529132948121571e+00 -1.918411054582034980e+00 -1.918411054582033426e+00 -3.764184618099062352e-01 -3.764184618099053470e-01 3.764184618099042368e-01 3.764184618099055690e-01 1.918411054582035424e+00 1.918411054582035424e+00 3.690529132948121127e+00 3.690529132948123792e+00
1.070000000000000000e+02 -3.689200894766637262e+00 -3.689200894766636374e+00 -1.918805922403594710e+00 -1.918805922403592934e+00 -3.876366094383490446e-01 -3.876366094383472682e-01 3.876366094383479899e-01 3.876366094383486560e-01 1.918805922403591824e+00 1.918805922403592934e+00 3.689200894766639038e+00 3.689200894766639038e+00
1.080000000000000000e+02 -3.687668375507114238e+00 -3.687668375507112462e+00 -1.919263101524356419e+00 -1.919263101524356419e+00 -4.001750732128533938e-01 -4.001750732128520616e-01 4.001750732128514509e-01 4.001750732128527832e-01 1.919263101524357751e+00 1.919263101524359527e+00 3.687668375507112462e+00 3.687668375507114682e+00
1.090000000000000000e+02 -3.685931603802700351e+00 -3.685931603802699463e+00 -1.919783274076913404e+00 -1.919783274076912516e+00 -4.139075989824106405e-01 -4.139075989824097523e-01 4.139075989824084756e-01 4.139075989824100299e-01 1.919783274076911406e+00 1.919783274076912738e+00 3.685931603802699463e+00 3.685931603802700351e+00
1.100000000000000000e+02 -3.683990613117679391e+00 -3.683990613117676283e+00 -1.920367221608656250e+00 -1.920367221608655806e+00 -4.287125333075021416e-01 -4.287125333075012534e-01 4.287125333075015310e-01 4.287125333075017530e-01 1.920367221608655139e+00 1.920367221608656694e+00 3.683990613117676283e+00 3.683990613117678947e+00
1.110000000000000000e+02 -3.681845442125974532e+00 -3.681845442125974088e+00 -1.921015828351487764e+00 -1.921015828351487764e+00 -4.444752024128556522e-01 -4.444752024128535428e-01 4.444752024128532097e-01 4.444752024128549861e-01 1.921015828351486876e+00 1.921015828351488652e+00 3.681845442125974532e+00 3.681845442125975421e+00
1.120000000000000000e+02 -3.679496135133334622e+00 -3.679496135133333734e+00 -1.921730084932197213e+00 -1.921730084932196547e+00 -4.610893048353232881e-01 -4.610893048353228996e-01 4.610893048353222334e-01 4.610893048353224000e-01 1.921730084932196547e+00 1.921730084932197880e+00 3.679496135133335510e+00 3.679496135133335954e+00
1.130000000000000000e+02 -3.676942742542943510e+00 -3.676942742542943510e+00 -1.922511092541856037e+00 -1.922511092541854927e+00 -4.784575297434023877e-01 -4.784575297434023877e-01 4.784575297434022212e-01 4.784575297434035535e-01 1.922511092541853372e+00 1.922511092541853595e+00 3.676942742542942621e+00 3.676942742542943066e+00
1.140000000000000000e+02 -3.674185321364233037e+00 -3.674185321364232149e+00 -1.923360067584243493e+00 -1.923360067584243049e+00 -4.964916117001988427e-01 -4.964916117001979545e-01 4.964916117001980655e-01 4.964916117001991758e-01 1.923360067584242161e+00 1.923360067584242827e+00 3.674185321364230372e+00 3.674185321364232149e+00
1.150000000000000000e+02 -3.671223935764614144e+00 -3.671223935764612811e+00 -1.924278346824835229e+00 -1.924278346824835007e+00 -5.151120053240753061e-01 -5.151120053240739738e-01 5.151120053240740848e-01 5.151120053240749730e-01 1.924278346824833674e+00 1.924278346824834340e+00 3.671223935764613255e+00 3.671223935764613699e+00
1.160000000000000000e+02 -3.668058657663905375e+00 -3.668058657663904487e+00 -1.925267393063307741e+00 -1.925267393063307519e+00 -5.342473259570498234e-01 -5.342473259570498234e-01 5.342473259570486022e-01 5.342473259570493793e-01 1.925267393063308186e+00 1.925267393063308852e+00 3.668058657663904931e+00 3.668058657663906708e+00
1.170000000000000000e+02 -3.664689567371214096e+00 -3.664689567371212320e+00 -1.926328801353557774e+00 -1.926328801353557330e+00 -5.538336650429227515e-01 -5.538336650429209751e-01 5.538336650429211971e-01 5.538336650429225294e-01 1.926328801353557996e+00 1.926328801353560216e+00 3.664689567371212320e+00 3.664689567371212764e+00
1.180000000000000000e+02 -3.661116754264057693e+00 -3.661116754264056805e+00 -1.927464305796145805e+00 -1.927464305796145583e+00 -5.738138564451689128e-01 -5.738138564451684687e-01 5.738138564451678025e-01 5.738138564451694679e-01 1.927464305796143362e+00 1.927464305796143584e+00 3.661116754264056361e+00 3.661116754264058137e+00
1.190000000000000000e+02 -3.657340317509575112e+00 -3.657340317509574223e+00 -1.928675786928428781e+00 -1.928675786928428559e+00 -5.941367441143793338e-01 -5.941367441143784456e-01 5.941367441143775574e-01 5.941367441143799999e-01 1.928675786928425451e+00 1.928675786928430780e+00 3.657340317509572447e+00 3.657340317509575112e+00
1.200000000000000000e+02 -3.653360366827662631e+00 -3.653360366827661299e+00 -1.929965279737615003e+00 -1.929965279737614781e+00 -6.147564822266512463e-01 -6.147564822266503581e-01 6.147564822266510243e-01 6.147564822266523565e-01 1.929965279737615003e+00 1.929965279737616113e+00 3.653360366827660410e+00 3.653360366827662631e+00
1.210000000000000000e+02 -3.649177023295973044e+00 -3.649177023295971711e+00 -1.931334982321270211e+00 -1.931334982321269322e+00 -6.356318852073280512e-01 -6.356318852073273851e-01 6.356318852073247205e-01 6.356318852073259418e-01 1.931334982321268878e+00 1.931334982321270211e+00 3.649177023295972155e+00 3.649177023295973044e+00
1.220000000000000000e+02 -3.644790420196760028e+00 -3.644790420196757808e+00 -1.932787265218302686e+00 -1.932787265218302464e+00 -6.567258357395107105e-01 -6.567258357395089341e-01 6.567258357395093782e-01 6.567258357395098223e-01 1.932787265218303130e+00 1.932787265218304018e+00 3.644790420196756919e+00 3.644790420196759584e+00
1.230000000000000000e+02 -3.640200703905632551e+00 -3.640200703905632551e+00 -1.934324681430994453e+00 -1.934324681430993786e+00 -6.780047528102338683e-01 -6.780047528102336463e-01 6.780047528102325360e-01 6.780047528102343124e-01 1.934324681430992232e+00 1.934324681430994897e+00 3.640200703905632107e+00 3.640200703905632107e+00
1.240000000000000000e+02 -3.635408034822390722e+00 -3.635408034822387169e+00 -1.935949977154980850e+00 -1.935949977154980184e+00 -6.994381181299037520e-01 -6.994381181299019756e-01 6.994381181299027528e-01 6.994381181299035299e-01 1.935949977154978408e+00 1.935949977154979518e+00 3.635408034822387613e+00 3.635408034822390277e+00
1.250000000000000000e+02 -3.630412588344171798e+00 -3.630412588344170910e+00 -1.937666103228913084e+00 -1.937666103228912196e+00 -7.209980571451816145e-01 -7.209980571451815035e-01 7.209980571451809483e-01 7.209980571451810594e-01 1.937666103228912862e+00 1.937666103228914194e+00 3.630412588344170466e+00 3.630412588344171354e+00
1.260000000000000000e+02 -3.625214555881401957e+00 -3.625214555881399736e+00 -1.939476227308621015e+00 -1.939476227308620349e+00 -7.426589698146459639e-01 -7.426589698146456309e-01 7.426589698146474072e-01 7.426589698146478513e-01 1.939476227308621237e+00 1.939476227308622125e+00 3.625214555881398848e+00 3.625214555881400624e+00
1.270000000000000000e+02 -3.619814145916977033e+00 -3.619814145916976145e+00 -1.941383746761442097e+00 -1.941383746761440987e+00 -7.643972059485459880e-01 -7.643972059485442117e-01 7.643972059485427684e-01 7.643972059485444337e-01 1.941383746761441875e+00 1.941383746761442097e+00 3.619814145916977477e+00 3.619814145916979697e+00
1.280000000000000000e+02 -3.614211585109536884e+00 -3.614211585109536884e+00 -1.943392302264664195e+00 -1.943392302264663973e+00 -7.861907799655004636e-01 -7.861907799655002416e-01 7.861907799654999085e-01 7.861907799654999085e-01 1.943392302264663307e+00 1.943392302264663973e+00 3.614211585109535552e+00 3.614211585109536884e+00
1.290000000000000000e+02 -3.608407119441616739e+00 -3.608407119441614963e+00 -1.945505792077235840e+00 -1.945505792077234730e+00 -8.080191202133245598e-01 -8.080191202133235606e-01 8.080191202133232276e-01 8.080191202133248929e-01 1.945505792077235174e+00 1.945505792077237617e+00 3.608407119441616295e+00 3.608407119441618072e+00
1.300000000000000000e+02 -3.602401015413958074e+00 -3.602401015413957630e+00 -1.947728386935297484e+00 -1.947728386935297262e+00 -8.298628484228669500e-01 -8.298628484228660618e-01 8.298628484228659508e-01 8.298628484228672830e-01 1.947728386935296818e+00 1.947728386935298150e+00 3.602401015413955854e+00 3.602401015413956742e+00
1.310000000000000000e+02 -3.596193561287285068e+00 -3.596193561287283735e+00 -1.950064545499328172e+00 -1.950064545499327728e+00 -8.517035853403084333e-01 -8.517035853403079892e-01 8.517035853403059908e-01 8.517035853403063239e-01 1.950064545499327728e+00 1.950064545499331059e+00 3.596193561287282403e+00 3.596193561287284624e+00
1.320000000000000000e+02 -3.589785068373291033e+00 -3.589785068373289700e+00 -1.952519030252785726e+00 -1.952519030252785504e+00 -8.735237790701341209e-01 -8.735237790701334548e-01 8.735237790701346761e-01 8.735237790701351202e-01 1.952519030252784393e+00 1.952519030252785281e+00 3.589785068373289700e+00 3.589785068373291477e+00
1.330000000000000000e+02 -3.583175872376878957e+00 -3.583175872376876292e+00 -1.955096923718450341e+00 -1.955096923718448121e+00 -8.953065531330962612e-01 -8.953065531330958171e-01 8.953065531330949289e-01 8.953065531330964832e-01 1.955096923718447677e+00 1.955096923718449009e+00 3.583175872376875404e+00 3.583175872376877624e+00
1.340000000000000000e+02 -3.576366334791999169e+00 -3.576366334791999169e+00 -1.957803644818419730e+00 -1.957803644818419730e+00 -9.170355716878946239e-01 -9.170355716878938468e-01 9.170355716878928476e-01 9.170355716878936247e-01 1.957803644818421285e+00 1.957803644818421285e+00 3.576366334791997836e+00 3.576366334791997836e+00
1.350000000000000000e+02 -3.569356844354019120e+00 -3.569356844354017788e+00 -1.960644965156016273e+00 -1.960644965156016051e+00 -9.386949197768398312e-01 -9.386949197768387210e-01 9.386949197768391651e-01 9.386949197768393871e-01 1.960644965156016717e+00 1.960644965156016939e+00 3.569356844354018676e+00 3.569356844354019564e+00
1.360000000000000000e+02 -3.562147818551844924e+00 -3.562147818551844036e+00 -1.963627024941882349e+00 -1.963627024941881238e+00 -9.602689968339859217e-01 -9.602689968339850335e-01 9.602689968339834792e-01 9.602689968339848114e-01 1.963627024941882127e+00 1.963627024941882127e+00 3.562147818551847145e+00 3.562147818551848033e+00
1.370000000000000000e+02 -3.554739705203724398e+00 -3.554739705203723954e+00 -1.966756348221823103e+00 -1.966756348221822437e+00 -9.817424220412817037e-01 -9.817424220412807045e-01 9.817424220412787061e-01 9.817424220412805935e-01 1.966756348221822659e+00 1.966756348221823547e+00 3.554739705203723066e+00 3.554739705203724398e+00
1.380000000000000000e+02 -3.547132984101206254e+00 -3.547132984101206254e+00 -1.970039856989609373e+00 -1.970039856989608706e+00 -1.003099950437642551e+00 -1.003099950437641663e+00 1.003099950437640775e+00 1.003099950437642995e+00 1.970039856989607374e+00 1.970039856989608262e+00 3.547132984101206254e+00 3.547132984101209807e+00
1.390000000000000000e+02 -3.539328168726466828e+00 -3.539328168726466828e+00 -1.973484883684143654e+00 -1.973484883684143432e+00 -1.024326398981222574e+00 -1.024326398981221908e+00 1.024326398981221242e+00 1.024326398981222352e+00 1.973484883684141877e+00 1.973484883684143210e+00 3.539328168726464607e+00 3.539328168726466828e+00
1.400000000000000000e+02 -3.531325808048985326e+00 -3.531325808048984438e+00 -1.977099181477101730e+00 -1.977099181477101508e+00 -1.045406582040276255e+00 -1.045406582040274701e+00 1.045406582040275811e+00 1.045406582040276922e+00 1.977099181477101730e+00 1.977099181477101952e+00 3.531325808048983994e+00 3.531325808048984882e+00
1.410000000000000000e+02 -3.523126488408546475e+00 -3.523126488408545587e+00 -1.980890931655399756e+00 -1.980890931655399534e+00 -1.066325256045462355e+00 -1.066325256045461245e+00 1.066325256045460801e+00 1.066325256045462355e+00 1.980890931655398202e+00 1.980890931655401532e+00 3.523126488408545143e+00 3.523126488408545587e+00
1.420000000000000000e+02 -3.514730835492521965e+00 -3.514730835492520633e+00 -1.984868747294294078e+00 -1.984868747294293412e+00 -1.087067073277987683e+00 -1.087067073277985907e+00 1.087067073277986129e+00 1.087067073277986795e+00 1.984868747294293190e+00 1.984868747294293190e+00 3.514730835492518857e+00 3.514730835492522409e+00
1.430000000000000000e+02 -3.506139516416610036e+00 -3.506139516416608704e+00 -1.989041672304560304e+00 -1.989041672304559638e+00 -1.107616544993900165e+00 -1.107616544993899277e+00 1.107616544993899943e+00 1.107616544993900609e+00 1.989041672304558972e+00 1.989041672304558972e+00 3.506139516416607815e+00 3.506139516416611368e+00
1.440000000000000000e+02 -3.497353241919658018e+00 -3.497353241919656686e+00 -1.993419174825245221e+00 -1.993419174825244555e+00 -1.127958014293336308e+00 -1.127958014293335642e+00 1.127958014293334310e+00 1.127958014293336975e+00 1.993419174825244777e+00 1.993419174825244777e+00 3.497353241919658906e+00 3.497353241919658906e+00
1.450000000000000000e+02 -3.488372768684656844e+00 -3.488372768684655956e+00 -1.998011133828063501e+00 -1.998011133828062613e+00 -1.148075639331153530e+00 -1.148075639331151976e+00 1.148075639331151310e+00 1.148075639331152864e+00 1.998011133828063279e+00 1.998011133828063723e+00 3.488372768684656844e+00 3.488372768684658176e+00
1.460000000000000000e+02 -3.479198901799959831e+00 -3.479198901799959831e+00 -2.002827817708673130e+00 -2.002827817708671798e+00 -1.167953387625966233e+00 -1.167953387625966011e+00 1.167953387625964679e+00 1.167953387625965123e+00 2.002827817708671798e+00 2.002827817708672242e+00 3.479198901799958499e+00 3.479198901799959831e+00
1.470000000000000000e+02 -3.469832497376808877e+00 -3.469832497376807989e+00 -2.007879853573951934e+00 -2.007879853573951046e+00 -1.187575042349825472e+00 -1.187575042349825472e+00 1.187575042349822807e+00 1.187575042349823029e+00 2.007879853573951046e+00 2.007879853573951490e+00 3.469832497376808433e+00 3.469832497376808877e+00
1.480000000000000000e+02 -3.460274465341719452e+00 -3.460274465341719452e+00 -2.013178185905573514e+00 -2.013178185905572626e+00 -1.206924221559503296e+00 -1.206924221559501742e+00 1.206924221559501964e+00 1.206924221559502186e+00 2.013178185905571738e+00 2.013178185905572182e+00 3.460274465341720784e+00 3.460274465341721672e+00
1.490000000000000000e+02 -3.450525772425188986e+00 -3.450525772425188098e+00 -2.018734023303142777e+00 -2.018734023303142333e+00 -1.225984411349523295e+00 -1.225984411349523295e+00 1.225984411349521297e+00 1.225984411349523295e+00 2.018734023303143221e+00 2.018734023303143221e+00 3.450525772425190318e+00 3.450525772425191207e+00
1.500000000000000000e+02 -3.440587445371403597e+00 -3.440587445371403152e+00 -2.024558772100824910e+00 -2.024558772100824022e+00 -1.244739013851480891e+00 -1.244739013851480669e+00 1.244739013851481113e+00 1.244739013851481335e+00 2.024558772100822246e+00 2.024558772100823578e+00 3.440587445371404929e+00 3.440587445371405373e+00
1.510000000000000000e+02 -3.430460574397640627e+00 -3.430460574397637963e+00 -2.030663955826430112e+00 -2.030663955826429667e+00 -1.263171410858378918e+00 -1.263171410858378252e+00 1.263171410858376698e+00 1.263171410858377364e+00 2.030663955826427891e+00 2.030663955826429667e+00 3.430460574397641071e+00 3.430460574397642404e+00
1.520000000000000000e+02 -3.420146316936512942e+00 -3.420146316936512054e+00 -2.037061119746895077e+00 -2.037061119746894189e+00 -1.281265043601634179e+00 -1.281265043601634179e+00 1.281265043601634845e+00 1.281265043601636622e+00 2.037061119746894633e+00 2.037061119746894633e+00 3.420146316936511610e+00 3.420146316936512942e+00
1.530000000000000000e+02 -3.409645901699649873e+00 -3.409645901699649428e+00 -2.043761720131437976e+00 -2.043761720131437087e+00 -1.299003508840141707e+00 -1.299003508840141263e+00 1.299003508840140597e+00 1.299003508840141041e+00 2.043761720131435755e+00 2.043761720131437087e+00 3.409645901699651205e+00 3.409645901699654313e+00
1.540000000000000000e+02 -3.398960633107714457e+00 -3.398960633107714013e+00 -2.050776998370436477e+00 -2.050776998370436477e+00 -1.316370670928745934e+00 -1.316370670928745268e+00 1.316370670928744380e+00 1.316370670928745712e+00 2.050776998370434256e+00 2.050776998370436033e+00 3.398960633107714902e+00 3.398960633107715346e+00
1.550000000000000000e+02 -3.388091896139170611e+00 -3.388091896139169279e+00 -2.058117840712438529e+00 -2.058117840712437641e+00 -1.333350788919938523e+00 -1.333350788919936747e+00 1.333350788919936081e+00 1.333350788919937413e+00 2.058117840712436308e+00 2.058117840712438085e+00 3.388091896139171055e+00 3.388091896139172388e+00
1.560000000000000000e+02 -3.377041161659211532e+00 -3.377041161659209756e+00 -2.065794625110284777e+00 -2.065794625110284333e+00 -1.349928657030719847e+00 -1.349928657030719847e+00 1.349928657030719403e+00 1.349928657030721180e+00 2.065794625110283000e+00 2.065794625110284777e+00 3.377041161659209756e+00 3.377041161659209756e+00
1.570000000000000000e+02 -3.365809992300874409e+00 -3.365809992300873521e+00 -2.073817057472666647e+00 -2.073817057472665315e+00 -1.366089756004311484e+00 -1.366089756004311040e+00 1.366089756004310818e+00 1.366089756004313260e+00 2.073817057472664871e+00 2.073817057472665759e+00 3.365809992300873077e+00 3.365809992300874409e+00
1.580000000000000000e+02 -3.354400048983227745e+00 -3.354400048983227745e+00 -2.082194000456075944e+00 -2.082194000456075500e+00 -1.381820412056739000e+00 -1.381820412056738112e+00 1.381820412056737668e+00 1.381820412056737890e+00 2.082194000456075056e+00 2.082194000456075500e+00 3.354400048983228189e+00 3.354400048983228189e+00
1.590000000000000000e+02 -3.342813098166911523e+00 -3.342813098166911079e+00 -2.090933298745679902e+00 -2.090933298745679458e+00 -1.397107959279687561e+00 -1.397107959279686451e+00 1.397107959279686673e+00 1.397107959279687117e+00 2.090933298745678570e+00 2.090933298745679458e+00 3.342813098166909747e+00 3.342813098166912411e+00
1.600000000000000000e+02 -3.331051019965899584e+00 -3.331051019965899584e+00 -2.100041605490632790e+00 -2.100041605490631902e+00 -1.411940900644378827e+00 -1.411940900644378161e+00 1.411940900644378383e+00 1.411940900644379049e+00 2.100041605490630126e+00 2.100041605490631902e+00 3.331051019965899140e+00 3.331051019965900029e+00
1.610000000000000000e+02 -3.319115817257067835e+00 -3.319115817257066947e+00 -2.109524215101495237e+00 -2.109524215101494349e+00 -1.426309062194248911e+00 -1.426309062194248467e+00 1.426309062194247579e+00 1.426309062194248689e+00 2.109524215101493905e+00 2.109524215101495237e+00 3.319115817257068279e+00 3.319115817257068279e+00
1.620000000000000000e+02 -3.307009625956569554e+00 -3.307009625956568666e+00 -2.119384907907253979e+00 -2.119384907907253535e+00 -1.440203734703716654e+00 -1.440203734703716432e+00 1.440203734703716432e+00 1.440203734703717098e+00 2.119384907907253979e+00 2.119384907907254867e+00 3.307009625956568666e+00 3.307009625956569110e+00
1.630000000000000000e+02 -3.294734726665874636e+00 -3.294734726665874636e+00 -2.129625812140510277e+00 -2.129625812140509833e+00 -1.453617797081471874e+00 -1.453617797081471652e+00 1.453617797081470542e+00 1.453617797081470764e+00 2.129625812140509389e+00 2.129625812140511165e+00 3.294734726665873747e+00 3.294734726665874192e+00
1.640000000000000000e+02 -3.282293557931769357e+00 -3.282293557931769357e+00 -2.140247288327097763e+00 -2.140247288327096875e+00 -1.466545816152754034e+00 -1.466545816152753812e+00 1.466545816152753812e+00 1.466545816152754700e+00 2.140247288327096431e+00 2.140247288327097319e+00 3.282293557931768024e+00 3.282293557931768468e+00
1.650000000000000000e+02 -3.269688731415963279e+00 -3.269688731415962835e+00 -2.151247840386671939e+00 -2.151247840386671939e+00 -1.478984118178128693e+00 -1.478984118178128471e+00 1.478984118178128693e+00 1.478984118178128915e+00 2.151247840386671051e+00 2.151247840386671939e+00 3.269688731415961946e+00 3.269688731415961946e+00
1.660000000000000000e+02 -3.256923049333685594e+00 -3.256923049333684705e+00 -2.162624056626599067e+00 -2.162624056626599067e+00 -1.490930828530768970e+00 -1.490930828530768748e+00 1.490930828530767860e+00 1.490930828530768970e+00 2.162624056626598179e+00 2.162624056626599955e+00 3.256923049333685150e+00 3.256923049333687370e+00
1.670000000000000000e+02 -3.243999524600234885e+00 -3.243999524600234885e+00 -2.174370582392926909e+00 -2.174370582392925577e+00 -1.502385877296793959e+00 -1.502385877296793737e+00 1.502385877296794181e+00 1.502385877296794847e+00 2.174370582392924689e+00 2.174370582392926021e+00 3.243999524600233997e+00 3.243999524600233997e+00
1.680000000000000000e+02 -3.230921404224393001e+00 -3.230921404224392557e+00 -2.186480124522002466e+00 -2.186480124522002466e+00 -1.513350970086648317e+00 -1.513350970086647873e+00 1.513350970086647651e+00 1.513350970086648761e+00 2.186480124522001578e+00 2.186480124522002466e+00 3.230921404224391225e+00 3.230921404224391225e+00
1.690000000000000000e+02 -3.217692196613793687e+00 -3.217692196613793243e+00 -2.198943486028101191e+00 -2.198943486028101191e+00 -1.523829524930360391e+00 -1.523829524930359502e+00 1.523829524930359058e+00 1.523829524930360613e+00 2.198943486028101191e+00 2.198943486028101191e+00 3.217692196613792355e+00 3.217692196613794131e+00
1.700000000000000000e+02 -3.204315703617435673e+00 -3.204315703617433897e+00 -2.211749627786637085e+00 -2.211749627786636641e+00 -1.533826577647595446e+00 -1.533826577647595002e+00 1.533826577647594780e+00 1.533826577647595668e+00 2.211749627786636641e+00 2.211749627786636641e+00 3.204315703617434785e+00 3.204315703617436562e+00
1.710000000000000000e+02 -3.190796058335140906e+00 -3.190796058335140906e+00 -2.224885752438899189e+00 -2.224885752438899189e+00 -1.543348659414764068e+00 -1.543348659414764068e+00 1.543348659414762070e+00 1.543348659414763624e+00 2.224885752438899189e+00 2.224885752438900965e+00 3.190796058335140906e+00 3.190796058335140906e+00
1.720000000000000000e+02 -3.177137769986595917e+00 -3.177137769986595917e+00 -2.238337404436486544e+00 -2.238337404436485212e+00 -1.552403651298267739e+00 -1.552403651298266629e+00 1.552403651298267517e+00 1.552403651298268628e+00 2.238337404436484324e+00 2.238337404436485656e+00 3.177137769986595028e+00 3.177137769986596361e+00
1.730000000000000000e+02 -3.163345777472490905e+00 -3.163345777472490905e+00 -2.252088579107220045e+00 -2.252088579107219157e+00 -1.561000621221223073e+00 -1.561000621221223073e+00 1.561000621221222406e+00 1.561000621221224405e+00 2.252088579107218269e+00 2.252088579107218713e+00 3.163345777472491349e+00 3.163345777472491349e+00
1.740000000000000000e+02 -3.149425513702697632e+00 -3.149425513702696744e+00 -2.266121832859570251e+00 -2.266121832859569807e+00 -1.569149649154990334e+00 -1.569149649154990334e+00 1.569149649154989223e+00 1.569149649154991666e+00 2.266121832859568919e+00 2.266121832859569807e+00 3.149425513702697188e+00 3.149425513702697188e+00
1.750000000000000000e+02 -3.135382983346140406e+00 -3.135382983346139518e+00 -2.280418386102111672e+00 -2.280418386102111672e+00 -1.576861646288914898e+00 -1.576861646288914454e+00 1.576861646288913343e+00 1.576861646288913787e+00 2.280418386102109896e+00 2.280418386102111672e+00 3.135382983346139518e+00 3.135382983346140851e+00
1.760000000000000000e+02 -3.121224857421851073e+00 -3.121224857421850629e+00 -2.294958210046338820e+00 -2.294958210046338820e+00 -1.584148173576437779e+00 -1.584148173576437779e+00 1.584148173576436225e+00 1.584148173576438001e+00 2.294958210046337932e+00 2.294958210046340596e+00 3.121224857421851073e+00 3.121224857421851961e+00
1.770000000000000000e+02 -3.106958589166936235e+00 -3.106958589166934903e+00 -2.309720088151735240e+00 -2.309720088151733908e+00 -1.591021264449993922e+00 -1.591021264449993033e+00 1.591021264449993033e+00 1.591021264449993478e+00 2.309720088151733464e+00 2.309720088151733464e+00 3.106958589166934459e+00 3.106958589166936235e+00
1.780000000000000000e+02 -3.092592556977069140e+00 -3.092592556977068696e+00 -2.324681642390471037e+00 -2.324681642390470593e+00 -1.597493255719805827e+00 -1.597493255719804939e+00 1.597493255719804495e+00 1.597493255719804939e+00 2.324681642390469261e+00 2.324681642390472369e+00 3.092592556977068696e+00 3.092592556977069140e+00
1.790000000000000000e+02 -3.078136242047809557e+00 -3.078136242047808224e+00 -2.339819313546163571e+00 -2.339819313546163571e+00 -1.603576629802933695e+00 -1.603576629802933473e+00 1.603576629802932585e+00 1.603576629802933695e+00 2.339819313546162682e+00 2.339819313546163571e+00 3.078136242047807336e+00 3.078136242047810001e+00
1.800000000000000000e+02 -3.063600450832481670e+00 -3.063600450832481670e+00 -2.355108283161934324e+00 -2.355108283161933436e+00 -1.609283870541459160e+00 -1.609283870541459160e+00 1.609283870541458716e+00 1.609283870541460049e+00 2.355108283161933880e+00 2.355108283161935656e+00 3.063600450832479449e+00 3.063600450832481670e+00
1.810000000000000000e+02 -3.048997595831449026e+00 -3.048997595831447693e+00 -2.370522322200873333e+00 -2.370522322200873333e+00 -1.614627334022597616e+00 -1.614627334022597394e+00 1.614627334022597172e+00 1.614627334022597394e+00 2.370522322200874665e+00 2.370522322200875998e+00 3.048997595831447249e+00 3.048997595831448137e+00
1.820000000000000000e+02 -3.034342052901914499e+00 -3.034342052901913611e+00 -2.386033547569239133e+00 -2.386033547569238689e+00 -1.619619135052690728e+00 -1.619619135052690728e+00 1.619619135052688952e+00 1.619619135052689174e+00 2.386033547569240021e+00 2.386033547569240021e+00 3.034342052901913167e+00 3.034342052901913167e+00
1.830000000000000000e+02 -3.019650619740898545e+00 -3.019650619740898101e+00 -2.401612061837657741e+00 -2.401612061837657297e+00 -1.624271049289226720e+00 -1.624271049289226276e+00 1.624271049289225832e+00 1.624271049289228053e+00 2.401612061837658185e+00 2.401612061837659517e+00 3.019650619740897213e+00 3.019650619740897657e+00
1.840000000000000000e+02 -3.004943109168540349e+00 -3.004943109168539461e+00 -2.417225443043511390e+00 -2.417225443043511390e+00 -1.628594430513254254e+00 -1.628594430513254254e+00 1.628594430513253366e+00 1.628594430513254254e+00 2.417225443043510946e+00 2.417225443043511834e+00 3.004943109168539461e+00 3.004943109168539461e+00
1.850000000000000000e+02 -2.990243123324114904e+00 -2.990243123324114460e+00 -2.432838039367859917e+00 -2.432838039367859473e+00 -1.632600142129730925e+00 -1.632600142129730703e+00 1.632600142129728704e+00 1.632600142129729814e+00 2.432838039367860805e+00 2.432838039367861249e+00 2.990243123324114460e+00 2.990243123324114460e+00
1.860000000000000000e+02 -2.975579072228248467e+00 -2.975579072228248467e+00 -2.448410006415623119e+00 -2.448410006415621343e+00 -1.636298501707367237e+00 -1.636298501707366793e+00 1.636298501707367015e+00 1.636298501707368347e+00 2.448410006415621787e+00 2.448410006415623119e+00 2.975579072228248467e+00 2.975579072228248911e+00
1.870000000000000000e+02 -2.960985524070837371e+00 -2.960985524070836483e+00 -2.463896001093045740e+00 -2.463896001093045296e+00 -1.639699237198745330e+00 -1.639699237198743553e+00 1.639699237198744664e+00 1.639699237198746218e+00 2.463896001093045296e+00 2.463896001093046184e+00 2.960985524070836039e+00 2.960985524070836483e+00
1.880000000000000000e+02 -2.946505006966944062e+00 -2.946505006966942730e+00 -2.479243413776737626e+00 -2.479243413776736737e+00 -1.642811453398893562e+00 -1.642811453398892896e+00 1.642811453398893340e+00 1.642811453398893784e+00 2.479243413776736737e+00 2.479243413776738958e+00 2.946505006966942730e+00 2.946505006966944062e+00
1.890000000000000000e+02 -2.932190424231652770e+00 -2.932190424231652326e+00 -2.494389978172292910e+00 -2.494389978172292910e+00 -1.645643607188526980e+00 -1.645643607188526980e+00 1.645643607188526758e+00 1.645643607188526758e+00 2.494389978172293354e+00 2.494389978172294242e+00 2.932190424231652326e+00 2.932190424231653658e+00
1.900000000000000000e+02 -2.918108296506844557e+00 -2.918108296506844113e+00 -2.509260546937390757e+00 -2.509260546937390757e+00 -1.648203490149712458e+00 -1.648203490149711570e+00 1.648203490149712014e+00 1.648203490149712014e+00 2.509260546937389424e+00 2.509260546937391201e+00 2.918108296506845001e+00 2.918108296506845445e+00
1.910000000000000000e+02 -2.904343096041052785e+00 -2.904343096041052785e+00 -2.523762769096603353e+00 -2.523762769096602465e+00 -1.650498217221539221e+00 -1.650498217221538999e+00 1.650498217221538777e+00 1.650498217221538999e+00 2.523762769096602909e+00 2.523762769096604242e+00 2.904343096041051897e+00 2.904343096041051897e+00
1.920000000000000000e+02 -2.891002963965180417e+00 -2.891002963965178640e+00 -2.537781379628817113e+00 -2.537781379628816225e+00 -1.652534220168552448e+00 -1.652534220168550227e+00 1.652534220168550450e+00 1.652534220168551560e+00 2.537781379628816669e+00 2.537781379628817557e+00 2.891002963965177752e+00 2.891002963965179973e+00
1.930000000000000000e+02 -2.878227030091891070e+00 -2.878227030091890182e+00 -2.551170882803560414e+00 -2.551170882803560414e+00 -1.654317244754508698e+00 -1.654317244754508476e+00 1.654317244754508032e+00 1.654317244754508254e+00 2.551170882803560858e+00 2.551170882803561746e+00 2.878227030091889294e+00 2.878227030091890182e+00
1.940000000000000000e+02 -2.866194227195927979e+00 -2.866194227195926203e+00 -2.563746738287053351e+00 -2.563746738287052906e+00 -1.655852350640565351e+00 -1.655852350640564685e+00 1.655852350640564907e+00 1.655852350640565129e+00 2.563746738287052018e+00 2.563746738287052906e+00 2.866194227195927091e+00 2.866194227195927091e+00
1.950000000000000000e+02 -2.855132596009721357e+00 -2.855132596009720469e+00 -2.575276054634777267e+00 -2.575276054634776823e+00 -1.657143913154064840e+00 -1.657143913154064174e+00 1.657143913154062620e+00 1.657143913154064396e+00 2.575276054634778600e+00 2.575276054634779488e+00 2.855132596009719137e+00 2.855132596009720025e+00
1.960000000000000000e+02 -2.845326135462519446e+00 -2.845326135462519002e+00 -2.585470736370248268e+00 -2.585470736370248268e+00 -1.658195626197844108e+00 -1.658195626197843886e+00 1.658195626197842554e+00 1.658195626197844330e+00 2.585470736370248268e+00 2.585470736370248712e+00 2.845326135462517669e+00 2.845326135462519002e+00
1.970000000000000000e+02 -2.837112923125121977e+00 -2.837112923125121533e+00 -2.593989360298217584e+00 -2.593989360298215807e+00 -1.659010505687775527e+00 -1.659010505687775083e+00 1.659010505687775305e+00 1.659010505687775305e+00 2.593989360298216695e+00 2.593989360298217139e+00 2.837112923125121533e+00 2.837112923125121533e+00
1.980000000000000000e+02 -2.830864486619139697e+00 -2.830864486619139697e+00 -2.600457800793354757e+00 -2.600457800793354313e+00 -1.659590893016947843e+00 -1.659590893016947177e+00 1.659590893016948066e+00 1.659590893016948066e+00 2.600457800793352980e+00 2.600457800793355201e+00 2.830864486619138809e+00 2.830864486619139253e+00
1.990000000000000000e+02 -2.826936691956821956e+00 -2.826936691956821956e+00 -2.604518338495308338e+00 -2.604518338495308338e+00 -1.659938458148236817e+00 -1.659938458148235929e+00 1.659938458148237705e+00 1.659938458148238372e+00 2.604518338495306118e+00 2.604518338495307450e+00 2.826936691956821512e+00 2.826936691956821956e+00
2.000000000000000000e+02 -2.825594419185572637e+00 -2.825594419185570860e+00 -2.605904982336779252e+00 -2.605904982336777476e+00 -1.660054202033497406e+00 -1.660054202033496740e+00 1.660054202033496518e+00 1.660054202033497628e+00 2.605904982336777920e+00 2.605904982336779252e+00 2.825594419185570860e+00 2.825594419185571304e+00
2.010000000000000000e+02 -2.825237368488542788e+00 -2.825237368488542788e+00 -2.605699793382620921e+00 -2.605699793382620921e+00 -1.660990358683473778e+00 -1.660990358683473334e+00 1.660990358683473556e+00 1.660990358683473556e+00 2.605699793382620033e+00 2.605699793382621365e+00 2.825237368488543233e+00 2.825237368488543677e+00
2.020000000000000000e+02 -2.824166758471663208e+00 -2.824166758471662320e+00 -2.605084179702195968e+00 -2.605084179702195524e+00 -1.663794164083887805e+00 -1.663794164083887583e+00 1.663794164083887361e+00 1.663794164083887583e+00 2.605084179702195080e+00 2.605084179702195524e+00 2.824166758471661876e+00 2.824166758471661876e+00
2.030000000000000000e+02 -2.822384218812538315e+00 -2.822384218812537426e+00 -2.604057998584554667e+00 -2.604057998584554223e+00 -1.668451704090185617e+00 -1.668451704090184284e+00 1.668451704090186505e+00 1.668451704090188503e+00 2.604057998584551559e+00 2.604057998584552003e+00 2.822384218812537870e+00 2.822384218812538315e+00
2.040000000000000000e+02 -2.819892477326248148e+00 -2.819892477326248148e+00 -2.602621004560359719e+00 -2.602621004560357942e+00 -1.674940049975599088e+00 -1.674940049975597978e+00 1.674940049975596645e+00 1.674940049975599310e+00 2.602621004560359275e+00 2.602621004560359719e+00 2.819892477326247704e+00 2.819892477326248148e+00
2.050000000000000000e+02 -2.816695378095123381e+00 -2.816695378095122493e+00 -2.600772837642057578e+00 -2.600772837642057134e+00 -1.683227638711241037e+00 -1.683227638711240592e+00 1.683227638711240814e+00 1.683227638711241037e+00 2.600772837642057578e+00 2.600772837642057578e+00 2.816695378095122493e+00 2.816695378095122937e+00
2.060000000000000000e+02 -2.812797908086671406e+00 -2.812797908086670962e+00 -2.598513006180020124e+00 -2.598513006180020124e+00 -1.693274782264904355e+00 -1.693274782264904355e+00 1.693274782264903244e+00 1.693274782264903244e+00 2.598513006180020568e+00 2.598513006180021012e+00 2.812797908086671406e+00 2.812797908086671850e+00
2.070000000000000000e+02 -2.808206233577511313e+00 -2.808206233577510869e+00 -2.595840863622052463e+00 -2.595840863622052019e+00 -1.705034284788761179e+00 -1.705034284788758958e+00 1.705034284788759180e+00 1.705034284788761845e+00 2.595840863622050687e+00 2.595840863622052019e+00 2.808206233577510869e+00 2.808206233577511313e+00
2.080000000000000000e+02 -2.802927748200831903e+00 -2.802927748200831459e+00 -2.592755578213279843e+00 -2.592755578213279843e+00 -1.718452143066863780e+00 -1.718452143066863336e+00 1.718452143066863780e+00 1.718452143066864890e+00 2.592755578213279399e+00 2.592755578213280288e+00 2.802927748200831015e+00 2.802927748200831015e+00
2.090000000000000000e+02 -2.796971135039214573e+00 -2.796971135039213241e+00 -2.589256094386904294e+00 -2.589256094386903850e+00 -1.733468303575674607e+00 -1.733468303575673719e+00 1.733468303575671943e+00 1.733468303575673719e+00 2.589256094386905627e+00 2.589256094386905627e+00 2.796971135039213241e+00 2.796971135039214129e+00
2.100000000000000000e+02 -2.790346445931861208e+00 -2.790346445931860764e+00 -2.585341084265726508e+00 -2.585341084265726064e+00 -1.750017448914785723e+00 -1.750017448914785279e+00 1.750017448914784834e+00 1.750017448914786611e+00 2.585341084265723399e+00 2.585341084265728284e+00 2.790346445931860764e+00 2.790346445931860764e+00
2.110000000000000000e+02 -2.783065202105024394e+00 -2.783065202105023062e+00 -2.581008887312548961e+00 -2.581008887312548961e+00 -1.768029786988708274e+00 -1.768029786988707830e+00 1.768029786988705609e+00 1.768029786988707830e+00 2.581008887312548516e+00 2.581008887312550737e+00 2.783065202105023506e+00 2.783065202105023950e+00
2.120000000000000000e+02 -2.775140521432579277e+00 -2.775140521432578833e+00 -2.576257435730000989e+00 -2.576257435729999212e+00 -1.787431817847130899e+00 -1.787431817847130899e+00 1.787431817847129567e+00 1.787431817847131343e+00 2.576257435730000100e+00 2.576257435730002321e+00 2.775140521432577945e+00 2.775140521432578389e+00
2.130000000000000000e+02 -2.766587279178794656e+00 -2.766587279178794212e+00 -2.571084162718633603e+00 -2.571084162718633159e+00 -1.808147055121320790e+00 -1.808147055121320346e+00 1.808147055121321456e+00 1.808147055121321678e+00 2.571084162718631383e+00 2.571084162718633159e+00 2.766587279178793324e+00 2.766587279178794212e+00
2.140000000000000000e+02 -2.757422311089334332e+00 -2.757422311089333888e+00 -2.565485890168683891e+00 -2.565485890168683003e+00 -1.830096681070689124e+00 -1.830096681070688680e+00 1.830096681070689790e+00 1.830096681070690012e+00 2.565485890168681227e+00 2.565485890168681227e+00 2.757422311089332556e+00 2.757422311089334332e+00
2.150000000000000000e+02 -2.747664670350919547e+00 -2.747664670350918659e+00 -2.559458691817967146e+00 -2.559458691817967146e+00 -1.853200115870129894e+00 -1.853200115870129894e+00 1.853200115870128784e+00 1.853200115870129228e+00 2.559458691817966258e+00 2.559458691817967591e+00 2.747664670350918659e+00 2.747664670350919103e+00
2.160000000000000000e+02 -2.737335953482167294e+00 -2.737335953482166406e+00 -2.552997727422331664e+00 -2.552997727422331664e+00 -1.877375482354690428e+00 -1.877375482354689540e+00 1.877375482354687986e+00 1.877375482354689318e+00 2.552997727422332552e+00 2.552997727422333440e+00 2.737335953482165962e+00 2.737335953482167294e+00
2.170000000000000000e+02 -2.726460715017117398e+00 -2.726460715017116954e+00 -2.546097043178180641e+00 -2.546097043178177977e+00 -1.902539946304655061e+00 -1.902539946304654617e+00 1.902539946304654395e+00 1.902539946304654839e+00 2.546097043178179309e+00 2.546097043178181085e+00 2.726460715017116510e+00 2.726460715017117842e+00
2.180000000000000000e+02 -2.715066997470439336e+00 -2.715066997470438892e+00 -2.538749333720154766e+00 -2.538749333720154322e+00 -1.928609908583684751e+00 -1.928609908583684529e+00 1.928609908583685417e+00 1.928609908583685417e+00 2.538749333720153878e+00 2.538749333720154766e+00 2.715066997470437560e+00 2.715066997470438004e+00
2.190000000000000000e+02 -2.703187012453051707e+00 -2.703187012453049931e+00 -2.530945661838791771e+00 -2.530945661838789995e+00 -1.955501017689903254e+00 -1.955501017689903254e+00 1.955501017689902810e+00 1.955501017689904364e+00 2.530945661838788219e+00 2.530945661838791327e+00 2.703187012453048599e+00 2.703187012453050375e+00
2.200000000000000000e+02 -2.690858022498073154e+00 -2.690858022498071822e+00 -2.522675134167758237e+00 -2.522675134167758237e+00 -1.983127957416759291e+00 -1.983127957416758402e+00 1.983127957416757514e+00 1.983127957416758402e+00 2.522675134167758237e+00 2.522675134167758682e+00 2.690858022498071378e+00 2.690858022498072266e+00
2.210000000000000000e+02 -2.678123493903679986e+00 -2.678123493903679986e+00 -2.513924535290510409e+00 -2.513924535290509521e+00 -2.011403940807737101e+00 -2.011403940807737101e+00 2.011403940807737101e+00 2.011403940807738433e+00 2.513924535290508633e+00 2.513924535290510409e+00 2.678123493903679986e+00 2.678123493903679986e+00
2.220000000000000000e+02 -2.665034623707678296e+00 -2.665034623707677408e+00 -2.504677930143168307e+00 -2.504677930143168307e+00 -2.040239802332372232e+00 -2.040239802332370456e+00 2.040239802332370900e+00 2.040239802332371788e+00 2.504677930143167863e+00 2.504677930143168307e+00 2.665034623707676964e+00 2.665034623707677852e+00
2.230000000000000000e+02 -2.651652398177501979e+00 -2.651652398177501091e+00 -2.494916256675018484e+00 -2.494916256675018484e+00 -2.069542514442135772e+00 -2.069542514442133996e+00 2.069542514442131775e+00 2.069542514442133996e+00 2.494916256675020261e+00 2.494916256675020705e+00 2.651652398177500203e+00 2.651652398177501979e+00
2.240000000000000000e+02 -2.638050433926244054e+00 -2.638050433926241833e+00 -2.484616948994827101e+00 -2.484616948994827101e+00 -2.099212842929321976e+00 -2.099212842929320644e+00 2.099212842929321976e+00 2.099212842929322864e+00 2.484616948994825325e+00 2.484616948994825769e+00 2.638050433926241833e+00 2.638050433926243166e+00
2.250000000000000000e+02 -2.624319020781550549e+00 -2.624319020781548328e+00 -2.473753656749926311e+00 -2.473753656749924534e+00 -2.129141661978006361e+00 -2.129141661978005473e+00 2.129141661978005029e+00 2.129141661978006805e+00 2.473753656749926755e+00 2.473753656749928087e+00 2.624319020781548772e+00 2.624319020781550993e+00
2.260000000000000000e+02 -2.610571095280895371e+00 -2.610571095280893594e+00 -2.462296158851650318e+00 -2.462296158851648986e+00 -2.159204107491011992e+00 -2.159204107491010660e+00 2.159204107491008884e+00 2.159204107491009328e+00 2.462296158851650763e+00 2.462296158851651651e+00 2.610571095280893150e+00 2.610571095280893594e+00
2.270000000000000000e+02 -2.596951453957327960e+00 -2.596951453957325739e+00 -2.450210605822807697e+00 -2.450210605822807253e+00 -2.189250130496271929e+00 -2.189250130496270597e+00 2.189250130496271929e+00 2.189250130496273261e+00 2.450210605822805032e+00 2.450210605822807253e+00 2.596951453957325739e+00 2.596951453957327960e+00
2.280000000000000000e+02 -2.583651602643934009e+00 -2.583651602643931344e+00 -2.437460260052770611e+00 -2.437460260052770611e+00 -2.219088889946712051e+00 -2.219088889946710275e+00 2.219088889946710719e+00 2.219088889946712939e+00 2.437460260052768835e+00 2.437460260052769279e+00 2.583651602643931788e+00 2.583651602643934009e+00
2.290000000000000000e+02 -2.570934618646434355e+00 -2.570934618646432579e+00 -2.424006941886859057e+00 -2.424006941886858613e+00 -2.248462404501790246e+00 -2.248462404501788914e+00 2.248462404501788026e+00 2.248462404501789358e+00 2.424006941886859057e+00 2.424006941886860833e+00 2.570934618646432135e+00 2.570934618646433911e+00
2.300000000000000000e+02 -2.559177687804180312e+00 -2.559177687804178092e+00 -2.409813511632556526e+00 -2.409813511632555194e+00 -2.277000475070916075e+00 -2.277000475070916075e+00 2.277000475070915186e+00 2.277000475070916519e+00 2.409813511632556970e+00 2.409813511632558303e+00 2.559177687804177648e+00 2.559177687804180312e+00
2.310000000000000000e+02 -2.548943852960507961e+00 -2.548943852960505296e+00 -2.394848493064374306e+00 -2.394848493064373862e+00 -2.304144239422491580e+00 -2.304144239422491136e+00 2.304144239422489804e+00 2.304144239422493357e+00 2.394848493064372974e+00 2.394848493064372974e+00 2.548943852960505296e+00 2.548943852960508849e+00
2.320000000000000000e+02 -2.541091540910318525e+00 -2.541091540910317637e+00 -2.379100745545801310e+00 -2.379100745545798645e+00 -2.329021887623909048e+00 -2.329021887623908160e+00 2.329021887623909493e+00 2.329021887623909493e+00 2.379100745545799978e+00 2.379100745545800422e+00 2.541091540910316748e+00 2.541091540910317192e+00
2.330000000000000000e+02 -2.536888363117711709e+00 -2.536888363117707268e+00 -2.362795552525256859e+00 -2.362795552525256415e+00 -2.350118677791242394e+00 -2.350118677791240174e+00 2.350118677791241062e+00 2.350118677791241950e+00 2.362795552525256859e+00 2.362795552525257303e+00 2.536888363117707268e+00 2.536888363117711265e+00
2.340000000000000000e+02 -2.537944846552298461e+00 -2.537944846552297573e+00 -2.367088018979846442e+00 -2.367088018979844666e+00 -2.344649705370060566e+00 -2.344649705370058346e+00 2.344649705370058346e+00 2.344649705370058346e+00 2.367088018979845998e+00 2.367088018979847774e+00 2.537944846552297129e+00 2.537944846552298905e+00
2.350000000000000000e+02 -2.545617086307274679e+00 -2.545617086307272015e+00 -2.376767438804686883e+00 -2.376767438804685550e+00 -2.326452775087464619e+00 -2.326452775087461511e+00 2.326452775087459290e+00 2.326452775087461067e+00 2.376767438804686439e+00 2.376767438804688659e+00 2.545617086307272015e+00 2.545617086307275567e+00
2.360000000000000000e+02 -2.560045395529804146e+00 -2.560045395529801926e+00 -2.379894191746338095e+00 -2.379894191746336762e+00 -2.307312741946411894e+00 -2.307312741946409229e+00 2.307312741946412338e+00 2.307312741946412782e+00 2.379894191746337206e+00 2.379894191746338095e+00 2.560045395529800150e+00 2.560045395529801926e+00
2.370000000000000000e+02 -2.580008114996350965e+00 -2.580008114996348745e+00 -2.377578179608978992e+00 -2.377578179608978548e+00 -2.287329150442102055e+00 -2.287329150442101167e+00 2.287329150442099834e+00 2.287329150442101167e+00 2.377578179608977660e+00 2.377578179608978992e+00 2.580008114996349189e+00 2.580008114996351853e+00
2.380000000000000000e+02 -2.603823743106213673e+00 -2.603823743106211897e+00 -2.371453931968116269e+00 -2.371453931968115825e+00 -2.266538882013202194e+00 -2.266538882013200418e+00 2.266538882013199974e+00 2.266538882013201306e+00 2.371453931968115825e+00 2.371453931968116713e+00 2.603823743106213673e+00 2.603823743106214117e+00
2.390000000000000000e+02 -2.630100376705798215e+00 -2.630100376705797327e+00 -2.362871906898296626e+00 -2.362871906898295293e+00 -2.244975295646401747e+00 -2.244975295646401747e+00 2.244975295646399971e+00 2.244975295646401747e+00 2.362871906898296626e+00 2.362871906898297514e+00 2.630100376705795551e+00 2.630100376705797327e+00
2.400000000000000000e+02 -2.657892117296884127e+00 -2.657892117296884127e+00 -2.352737984177949659e+00 -2.352737984177949215e+00 -2.222672210305041141e+00 -2.222672210305035367e+00 2.222672210305037144e+00 2.222672210305038032e+00 2.352737984177947439e+00 2.352737984177948771e+00 2.657892117296883683e+00 2.657892117296886347e+00
2.410000000000000000e+02 -2.686594528400423343e+00 -2.686594528400421567e+00 -2.341618444630168216e+00 -2.341618444630166440e+00 -2.199663350318396660e+00 -2.199663350318394439e+00 2.199663350318393551e+00 2.199663350318395327e+00 2.341618444630167328e+00 2.341618444630167772e+00 2.686594528400422899e+00 2.686594528400424231e+00
2.420000000000000000e+02 -2.715820848267108012e+00 -2.715820848267105347e+00 -2.329864660761782780e+00 -2.329864660761782336e+00 -2.175981324851461896e+00 -2.175981324851458343e+00 2.175981324851460119e+00 2.175981324851461451e+00 2.329864660761781447e+00 2.329864660761782336e+00 2.715820848267106680e+00 2.715820848267108012e+00
2.430000000000000000e+02 -2.745316576585769663e+00 -2.745316576585769219e+00 -2.317699200821876637e+00 -2.317699200821876637e+00 -2.151656821086314064e+00 -2.151656821086312288e+00 2.151656821086314508e+00 2.151656821086314952e+00 2.317699200821876637e+00 2.317699200821877081e+00 2.745316576585768331e+00 2.745316576585770107e+00
2.440000000000000000e+02 -2.774907830580688017e+00 -2.774907830580686241e+00 -2.305267851781352739e+00 -2.305267851781352295e+00 -2.126718110576446996e+00 -2.126718110576445664e+00 2.126718110576444776e+00 2.126718110576446108e+00 2.305267851781352295e+00 2.305267851781352295e+00 2.774907830580687129e+00 2.774907830580688906e+00
2.450000000000000000e+02 -2.804471026397207467e+00 -2.804471026397204803e+00 -2.292670047179601767e+00 -2.292670047179600878e+00 -2.101190827250920545e+00 -2.101190827250919657e+00 2.101190827250920989e+00 2.101190827250922322e+00 2.292670047179599990e+00 2.292670047179600434e+00 2.804471026397205247e+00 2.804471026397206135e+00
2.460000000000000000e+02 -2.833914943563566879e+00 -2.833914943563564659e+00 -2.279976714467454091e+00 -2.279976714467454091e+00 -2.075097944957322138e+00 -2.075097944957320362e+00 2.075097944957320806e+00 2.075097944957321694e+00 2.279976714467455423e+00 2.279976714467455867e+00 2.833914943563564659e+00 2.833914943563565547e+00
2.470000000000000000e+02 -2.863169879747446522e+00 -2.863169879747445634e+00 -2.267240902693861582e+00 -2.267240902693860694e+00 -2.048459886780332972e+00 -2.048459886780331196e+00 2.048459886780329864e+00 2.048459886780330752e+00 2.267240902693861138e+00 2.267240902693861138e+00 2.863169879747445634e+00 2.863169879747446966e+00
2.480000000000000000e+02 -2.892180913580661983e+00 -2.892180913580657542e+00 -2.254504226269189449e+00 -2.254504226269189004e+00 -2.021294712939901927e+00 -2.021294712939897487e+00 2.021294712939899707e+00 2.021294712939902816e+00 2.254504226269187228e+00 2.254504226269189449e+00 2.892180913580659318e+00 2.892180913580660206e+00
2.490000000000000000e+02 -2.920903600237510833e+00 -2.920903600237510833e+00 -2.241800838278321439e+00 -2.241800838278321439e+00 -1.993618349437267012e+00 -1.993618349437264348e+00 1.993618349437265680e+00 1.993618349437267456e+00 2.241800838278320551e+00 2.241800838278321883e+00 2.920903600237508613e+00 2.920903600237508613e+00
2.500000000000000000e+02 -2.949301144514873130e+00 -2.949301144514873130e+00 -2.229159913960706341e+00 -2.229159913960704564e+00 -1.965444832434462219e+00 -1.965444832434460887e+00 1.965444832434458222e+00 1.965444832434458888e+00 2.229159913960704120e+00 2.229159913960705897e+00 2.949301144514873130e+00 2.949301144514874018e+00
2.510000000000000000e+02 -2.977342494665995876e+00 -2.977342494665993211e+00 -2.216607216946869130e+00 -2.216607216946868686e+00 -1.936786552906367920e+00 -1.936786552906367032e+00 1.936786552906365699e+00 1.936786552906367254e+00 2.216607216946869574e+00 2.216607216946870018e+00 2.977342494665994099e+00 2.977342494665994099e+00
2.520000000000000000e+02 -3.005001024537850007e+00 -3.005001024537845566e+00 -2.204166089952185992e+00 -2.204166089952185104e+00 -1.907654492729409235e+00 -1.907654492729406126e+00 1.907654492729405460e+00 1.907654492729406348e+00 2.204166089952186436e+00 2.204166089952186880e+00 3.005001024537846899e+00 3.005001024537846899e+00
2.530000000000000000e+02 -3.032253600593274534e+00 -3.032253600593272758e+00 -2.191858078288111855e+00 -2.191858078288109191e+00 -1.878058447717514845e+00 -1.878058447717513513e+00 1.878058447717513291e+00 1.878058447717515511e+00 2.191858078288110523e+00 2.191858078288110523e+00 3.032253600593272758e+00 3.032253600593273646e+00
2.540000000000000000e+02 -3.059079906382196512e+00 -3.059079906382196068e+00 -2.179703315894973681e+00 -2.179703315894971460e+00 -1.848007235828904582e+00 -1.848007235828902584e+00 1.848007235828902806e+00 1.848007235828904804e+00 2.179703315894971904e+00 2.179703315894973237e+00 3.059079906382196956e+00 3.059079906382197844e+00
2.550000000000000000e+02 -3.085461942826999593e+00 -3.085461942826999149e+00 -2.167720756234583490e+00 -2.167720756234582602e+00 -1.817508890373403352e+00 -1.817508890373399133e+00 1.817508890373400687e+00 1.817508890373401798e+00 2.167720756234583490e+00 2.167720756234583490e+00 3.085461942827000037e+00 3.085461942827000037e+00
2.560000000000000000e+02 -3.111383650923026156e+00 -3.111383650923024824e+00 -2.155928301295749971e+00 -2.155928301295749083e+00 -1.786570838941739847e+00 -1.786570838941739403e+00 1.786570838941737627e+00 1.786570838941738959e+00 2.155928301295750416e+00 2.155928301295751304e+00 3.111383650923024380e+00 3.111383650923024824e+00
2.570000000000000000e+02 -3.136830621238490657e+00 -3.136830621238489769e+00 -2.144342863774884478e+00 -2.144342863774881813e+00 -1.755200069229161830e+00 -1.755200069229160498e+00 1.755200069229160720e+00 1.755200069229162274e+00 2.144342863774882257e+00 2.144342863774882701e+00 3.136830621238489769e+00 3.136830621238489769e+00
2.580000000000000000e+02 -3.161789866024903084e+00 -3.161789866024902640e+00 -2.132980385917035537e+00 -2.132980385917035093e+00 -1.723403283119993468e+00 -1.723403283119993468e+00 1.723403283119993468e+00 1.723403283119994578e+00 2.132980385917035093e+00 2.132980385917035093e+00 3.161789866024901752e+00 3.161789866024902196e+00
2.590000000000000000e+02 -3.186249637231070686e+00 -3.186249637231069798e+00 -2.121855831010332594e+00 -2.121855831010331705e+00 -1.691187040456529012e+00 -1.691187040456529012e+00 1.691187040456527679e+00 1.691187040456529456e+00 2.121855831010333038e+00 2.121855831010333038e+00 3.186249637231070242e+00 3.186249637231070242e+00
2.600000000000000000e+02 -3.210199278699016112e+00 -3.210199278699012559e+00 -2.110983158596401843e+00 -2.110983158596401843e+00 -1.658557893909941017e+00 -1.658557893909941017e+00 1.658557893909939684e+00 1.658557893909941461e+00 2.110983158596399623e+00 2.110983158596400067e+00 3.210199278699015224e+00 3.210199278699016112e+00
2.610000000000000000e+02 -3.233629104196697579e+00 -3.233629104196697135e+00 -2.100375291159240376e+00 -2.100375291159239044e+00 -1.625522516348771651e+00 -1.625522516348771429e+00 1.625522516348771207e+00 1.625522516348772317e+00 2.100375291159239488e+00 2.100375291159240820e+00 3.233629104196696691e+00 3.233629104196696691e+00
2.620000000000000000e+02 -3.256530295264486341e+00 -3.256530295264485453e+00 -2.090044077806124889e+00 -2.090044077806124445e+00 -1.592087822089556903e+00 -1.592087822089555349e+00 1.592087822089555349e+00 1.592087822089556237e+00 2.090044077806125333e+00 2.090044077806125777e+00 3.256530295264486341e+00 3.256530295264487229e+00
2.630000000000000000e+02 -3.278894814472073538e+00 -3.278894814472073538e+00 -2.080000258891438136e+00 -2.080000258891435028e+00 -1.558261083430711791e+00 -1.558261083430709348e+00 1.558261083430710459e+00 1.558261083430712901e+00 2.080000258891435028e+00 2.080000258891435916e+00 3.278894814472073982e+00 3.278894814472073982e+00
2.640000000000000000e+02 -3.300715330827368454e+00 -3.300715330827368454e+00 -2.070253434425612049e+00 -2.070253434425610273e+00 -1.524050043925396114e+00 -1.524050043925391673e+00 1.524050043925393672e+00 1.524050043925394338e+00 2.070253434425611605e+00 2.070253434425612493e+00 3.300715330827367122e+00 3.300715330827368010e+00
2.650000000000000000e+02 -3.321985154898416503e+00 -3.321985154898412063e+00 -2.060812038306136351e+00 -2.060812038306136351e+00 -1.489463029948821404e+00 -1.489463029948820960e+00 1.489463029948818962e+00 1.489463029948821626e+00 2.060812038306135463e+00 2.060812038306137683e+00 3.321985154898414283e+00 3.321985154898415171e+00
2.660000000000000000e+02 -3.342698181802581381e+00 -3.342698181802579604e+00 -2.051683319808346617e+00 -2.051683319808345729e+00 -1.454509062267867359e+00 -1.454509062267866470e+00 1.454509062267865804e+00 1.454509062267866026e+00 2.051683319808346617e+00 2.051683319808347061e+00 3.342698181802580049e+00 3.342698181802581825e+00
2.670000000000000000e+02 -3.362848840651533333e+00 -3.362848840651532445e+00 -2.042873333316558071e+00 -2.042873333316556295e+00 -1.419197969533578574e+00 -1.419197969533576575e+00 1.419197969533575687e+00 1.419197969533578130e+00 2.042873333316556739e+00 2.042873333316557183e+00 3.362848840651532445e+00 3.362848840651532445e+00
2.680000000000000000e+02 -3.382432049361598914e+00 -3.382432049361597581e+00 -2.034386936918243016e+00 -2.034386936918241240e+00 -1.383540505901618145e+00 -1.383540505901617701e+00 1.383540505901617701e+00 1.383540505901618367e+00 2.034386936918241684e+00 2.034386936918243016e+00 3.382432049361598470e+00 3.382432049361598470e+00
2.690000000000000000e+02 -3.401443173978845103e+00 -3.401443173978844214e+00 -2.026227800197645479e+00 -2.026227800197644591e+00 -1.347548475356484365e+00 -1.347548475356479925e+00 1.347548475356480369e+00 1.347548475356481923e+00 2.026227800197645035e+00 2.026227800197645479e+00 3.401443173978844214e+00 3.401443173978845103e+00
2.700000000000000000e+02 -3.419877991848728094e+00 -3.419877991848725873e+00 -2.018398421331277337e+00 -2.018398421331276893e+00 -1.311234865792828108e+00 -1.311234865792825666e+00 1.311234865792825444e+00 1.311234865792826776e+00 2.018398421331277337e+00 2.018398421331278225e+00 3.419877991848725429e+00 3.419877991848726317e+00
2.710000000000000000e+02 -3.437732658097303329e+00 -3.437732658097301108e+00 -2.010900153393987200e+00 -2.010900153393984979e+00 -1.274613996519314618e+00 -1.274613996519312842e+00 1.274613996519313730e+00 1.274613996519315062e+00 2.010900153393984091e+00 2.010900153393984091e+00 3.437732658097302885e+00 3.437732658097303329e+00
2.720000000000000000e+02 -3.455003674996094620e+00 -3.455003674996094176e+00 -2.003733239621758422e+00 -2.003733239621757978e+00 -1.237701683633675609e+00 -1.237701683633673166e+00 1.237701683633674277e+00 1.237701683633675165e+00 2.003733239621757978e+00 2.003733239621757978e+00 3.455003674996094176e+00 3.455003674996095953e+00
2.730000000000000000e+02 -3.471687863863554657e+00 -3.471687863863551549e+00 -1.996896857240952894e+00 -1.996896857240950895e+00 -1.200515428722247258e+00 -1.200515428722246147e+00 1.200515428722246147e+00 1.200515428722247702e+00 1.996896857240950451e+00 1.996896857240951118e+00 3.471687863863553769e+00 3.471687863863553769e+00
2.740000000000000000e+02 -3.487782339219227534e+00 -3.487782339219224870e+00 -1.990389169358799171e+00 -1.990389169358798060e+00 -1.163074637628919827e+00 -1.163074637628918273e+00 1.163074637628916941e+00 1.163074637628918273e+00 1.990389169358798283e+00 1.990389169358798505e+00 3.487782339219227978e+00 3.487782339219228422e+00
2.750000000000000000e+02 -3.503284484955815792e+00 -3.503284484955814015e+00 -1.984207384314721434e+00 -1.984207384314720768e+00 -1.125400877705325708e+00 -1.125400877705324820e+00 1.125400877705323932e+00 1.125400877705325264e+00 1.984207384314722322e+00 1.984207384314722988e+00 3.503284484955812239e+00 3.503284484955815348e+00
2.760000000000000000e+02 -3.518191932333194938e+00 -3.518191932333194494e+00 -1.978347821813760898e+00 -1.978347821813760010e+00 -1.087518184113954067e+00 -1.087518184113951403e+00 1.087518184113951403e+00 1.087518184113953623e+00 1.978347821813760898e+00 1.978347821813761120e+00 3.518191932333193606e+00 3.518191932333194050e+00
2.770000000000000000e+02 -3.532502539629318594e+00 -3.532502539629318594e+00 -1.972805985101286463e+00 -1.972805985101284909e+00 -1.049453428564491864e+00 -1.049453428564491420e+00 1.049453428564490309e+00 1.049453428564492086e+00 1.972805985101285797e+00 1.972805985101286019e+00 3.532502539629317706e+00 3.532502539629317706e+00
2.780000000000000000e+02 -3.546214373307318812e+00 -3.546214373307317480e+00 -1.967576638390821309e+00 -1.967576638390819976e+00 -1.011236767529674285e+00 -1.011236767529672731e+00 1.011236767529672953e+00 1.011236767529674285e+00 1.967576638390821087e+00 1.967576638390821087e+00 3.546214373307317036e+00 3.546214373307319701e+00
2.790000000000000000e+02 -3.559325690578106993e+00 -3.559325690578102996e+00 -1.962653888723141282e+00 -1.962653888723140838e+00 -9.729021917856787161e-01 -9.729021917856743862e-01 9.729021917856762736e-01 9.729021917856778279e-01 1.962653888723141948e+00 1.962653888723142170e+00 3.559325690578102108e+00 3.559325690578104773e+00
2.800000000000000000e+02 -3.571834923253619731e+00 -3.571834923253617067e+00 -1.958031271414218066e+00 -1.958031271414214736e+00 -9.344882054173100361e-01 -9.344882054173099251e-01 9.344882054173098140e-01 9.344882054173102581e-01 1.958031271414216734e+00 1.958031271414216956e+00 3.571834923253616623e+00 3.571834923253617067e+00
2.810000000000000000e+02 -3.583740662799064669e+00 -3.583740662799062449e+00 -1.953701838240689215e+00 -1.953701838240688549e+00 -8.960386706931448009e-01 -8.960386706931424694e-01 8.960386706931432466e-01 8.960386706931438017e-01 1.953701838240687438e+00 1.953701838240688549e+00 3.583740662799062449e+00 3.583740662799064225e+00
2.820000000000000000e+02 -3.595041646503212007e+00 -3.595041646503208899e+00 -1.949658247513774256e+00 -1.949658247513772258e+00 -8.576038660534671676e-01 -8.576038660534653912e-01 8.576038660534663904e-01 8.576038660534665015e-01 1.949658247513772480e+00 1.949658247513772924e+00 3.595041646503211563e+00 3.595041646503212007e+00
2.830000000000000000e+02 -3.605736744694799878e+00 -3.605736744694797657e+00 -1.945892855204418792e+00 -1.945892855204418126e+00 -8.192418186061308782e-01 -8.192418186061288798e-01 8.192418186061306562e-01 8.192418186061313223e-01 1.945892855204417682e+00 1.945892855204417904e+00 3.605736744694796769e+00 3.605736744694798546e+00
2.840000000000000000e+02 -3.615824948940674410e+00 -3.615824948940674410e+00 -1.942397806303298724e+00 -1.942397806303296504e+00 -7.810199908424400039e-01 -7.810199908424378945e-01 7.810199908424385606e-01 7.810199908424398929e-01 1.942397806303296948e+00 1.942397806303297170e+00 3.615824948940674410e+00 3.615824948940674854e+00
2.850000000000000000e+02 -3.625305361167706408e+00 -3.625305361167704632e+00 -1.939165125627582364e+00 -1.939165125627581920e+00 -7.430174246080600842e-01 -7.430174246080597511e-01 7.430174246080588629e-01 7.430174246080607503e-01 1.939165125627582809e+00 1.939165125627583919e+00 3.625305361167704188e+00 3.625305361167704632e+00
2.860000000000000000e+02 -3.634177183655979970e+00 -3.634177183655979526e+00 -1.936186807321141679e+00 -1.936186807321141012e+00 -7.053274742059318925e-01 -7.053274742059294500e-01 7.053274742059293390e-01 7.053274742059306712e-01 1.936186807321141679e+00 1.936186807321142345e+00 3.634177183655980414e+00 3.634177183655980414e+00
2.870000000000000000e+02 -3.642439709855789243e+00 -3.642439709855788355e+00 -1.933454902334820202e+00 -1.933454902334819758e+00 -6.680612943195435305e-01 -6.680612943195424203e-01 6.680612943195400888e-01 6.680612943195407549e-01 1.933454902334821979e+00 1.933454902334822423e+00 3.642439709855787466e+00 3.642439709855787910e+00
2.880000000000000000e+02 -3.650092315985003388e+00 -3.650092315985002056e+00 -1.930961603217514533e+00 -1.930961603217513201e+00 -6.313522840406857739e-01 -6.313522840406841086e-01 6.313522840406856629e-01 6.313522840406887715e-01 1.930961603217510314e+00 1.930961603217510980e+00 3.650092315985002944e+00 3.650092315985002944e+00
2.890000000000000000e+02 -3.657134453367486771e+00 -3.657134453367485882e+00 -1.928699325595680358e+00 -1.928699325595680358e+00 -5.953617166655269521e-01 -5.953617166655260640e-01 5.953617166655251758e-01 5.953617166655262860e-01 1.928699325595680802e+00 1.928699325595681024e+00 3.657134453367483662e+00 3.657134453367484550e+00
2.900000000000000000e+02 -3.663565641476543622e+00 -3.663565641476542734e+00 -1.926660785768056439e+00 -1.926660785768054662e+00 -5.602857851864515570e-01 -5.602857851864484484e-01 5.602857851864481153e-01 5.602857851864483374e-01 1.926660785768053996e+00 1.926660785768054884e+00 3.663565641476542289e+00 3.663565641476546286e+00
2.910000000000000000e+02 -3.669385461650846114e+00 -3.669385461650844338e+00 -1.924839073891934316e+00 -1.924839073891931651e+00 -5.263642218934557748e-01 -5.263642218934557748e-01 5.263642218934564410e-01 5.263642218934567740e-01 1.924839073891931429e+00 1.924839073891931651e+00 3.669385461650846558e+00 3.669385461650847446e+00
2.920000000000000000e+02 -3.674593551453116280e+00 -3.674593551453115392e+00 -1.923227722287813579e+00 -1.923227722287812913e+00 -4.938904234534042259e-01 -4.938904234534038928e-01 4.938904234534033932e-01 4.938904234534051141e-01 1.923227722287812469e+00 1.923227722287812691e+00 3.674593551453114504e+00 3.674593551453116280e+00
2.930000000000000000e+02 -3.679189599644976827e+00 -3.679189599644975939e+00 -1.921820768438462945e+00 -1.921820768438462723e+00 -4.632224845450760853e-01 -4.632224845450753636e-01 4.632224845450745865e-01 4.632224845450763628e-01 1.921820768438461835e+00 1.921820768438462279e+00 3.679189599644976827e+00 3.679189599644977271e+00
2.940000000000000000e+02 -3.683173341753949170e+00 -3.683173341753947838e+00 -1.920612812306951689e+00 -1.920612812306951245e+00 -4.347934955070445473e-01 -4.347934955070433816e-01 4.347934955070431595e-01 4.347934955070439922e-01 1.920612812306950579e+00 1.920612812306950801e+00 3.683173341753948726e+00 3.683173341753950059e+00
2.950000000000000000e+02 -3.686544556211399204e+00 -3.686544556211396095e+00 -1.919599067645134438e+00 -1.919599067645134216e+00 -4.091176564460365928e-01 -4.091176564460364262e-01 4.091176564460360376e-01 4.091176564460364262e-01 1.919599067645134216e+00 1.919599067645135104e+00 3.686544556211396095e+00 3.686544556211396984e+00
2.960000000000000000e+02 -3.689303061042770615e+00 -3.689303061042767951e+00 -1.918775407009066791e+00 -1.918775407009065459e+00 -3.867861881762244547e-01 -3.867861881762237886e-01 3.867861881762247878e-01 3.867861881762264531e-01 1.918775407009065681e+00 1.918775407009066125e+00 3.689303061042769283e+00 3.689303061042770171e+00
2.970000000000000000e+02 -3.691448711094079016e+00 -3.691448711094076796e+00 -1.918138400240906760e+00 -1.918138400240906538e+00 -3.684444729800038232e-01 -3.684444729800031570e-01 3.684444729800041562e-01 3.684444729800041562e-01 1.918138400240905650e+00 1.918138400240906094e+00 3.691448711094076796e+00 3.691448711094077684e+00
2.980000000000000000e+02 -3.692981395781031129e+00 -3.692981395781030685e+00 -1.917685346218048981e+00 -1.917685346218048759e+00 -3.547417636016830800e-01 -3.547417636016825804e-01 3.547417636016822473e-01 3.547417636016834130e-01 1.917685346218047870e+00 1.917685346218049869e+00 3.692981395781030240e+00 3.692981395781031129e+00
2.990000000000000000e+02 -3.693901037349817340e+00 -3.693901037349817340e+00 -1.917414297709340021e+00 -1.917414297709338245e+00 -3.462511747380503935e-01 -3.462511747380491722e-01 3.462511747380494498e-01 3.462511747380502269e-01 1.917414297709339799e+00 1.917414297709339799e+00 3.693901037349815564e+00 3.693901037349816896e+00
