0.000000000000000000e+00 -4.002663432771126573e+00 -4.002663432767400664e+00 -2.377254372503988300e+00 -2.377254372502592528e+00 -1.584495376752967420e-04 -1.584495375019952918e-04 1.584495375019491590e-04 1.584495376752550002e-04 2.377254372502592528e+00 2.377254372503988744e+00 4.002663432767400664e+00 4.002663432771126573e+00
1.000000000000000000e+00 -4.002289351771444181e+00 -4.002289351771439740e+00 -2.377338927256106071e+00 -2.377338927256104739e+00 -6.140688924417908590e-02 -6.140688924417815608e-02 6.140688924417541522e-02 6.140688924417585931e-02 2.377338927256101631e+00 2.377338927256106071e+00 4.002289351771428194e+00 4.002289351771432635e+00
2.000000000000000000e+00 -4.001167068704901908e+00 -4.001167068704900132e+00 -2.377593248706290741e+00 -2.377593248706289408e+00 -1.227759307791274068e-01 -1.227759307791272958e-01 1.227759307791246590e-01 1.227759307791264215e-01 2.377593248706289852e+00 2.377593248706291629e+00 4.001167068704903684e+00 4.001167068704903684e+00
3.000000000000000000e+00 -3.999296465604871287e+00 -3.999296465604866402e+00 -2.378019312286641540e+00 -2.378019312286639764e+00 -1.840698598129439922e-01 -1.840698598129419938e-01 1.840698598129433539e-01 1.840698598129446584e-01 2.378019312286637987e+00 2.378019312286639320e+00 3.999296465604869510e+00 3.999296465604869510e+00
4.000000000000000000e+00 -3.996677353316071546e+00 -3.996677353316069770e+00 -2.378620423418492447e+00 -2.378620423418492447e+00 -2.452507866589642704e-01 -2.452507866589623831e-01 2.452507866589637708e-01 2.452507866589651031e-01 2.378620423418491558e+00 2.378620423418492003e+00 3.996677353316067993e+00 3.996677353316070214e+00
5.000000000000000000e+00 -3.993309482664967103e+00 -3.993309482664965770e+00 -2.379401237663874902e+00 -2.379401237663871349e+00 -3.062805584369781009e-01 -3.062805584369774348e-01 3.062805584369768797e-01 3.062805584369782119e-01 2.379401237663872681e+00 2.379401237663873570e+00 3.993309482664964882e+00 3.993309482664967103e+00
6.000000000000000000e+00 -3.989192560075331961e+00 -3.989192560075329297e+00 -2.380367790140236028e+00 -2.380367790140233808e+00 -3.671206133094726543e-01 -3.671206133094698787e-01 3.671206133094713775e-01 3.671206133094722657e-01 2.380367790140233808e+00 2.380367790140233808e+00 3.989192560075328409e+00 3.989192560075330629e+00
7.000000000000000000e+00 -3.984326267611169925e+00 -3.984326267611169037e+00 -2.381527535390698169e+00 -2.381527535390695949e+00 -4.277318548953444877e-01 -4.277318548953435995e-01 4.277318548953431554e-01 4.277318548953435995e-01 2.381527535390695505e+00 2.381527535390696393e+00 3.984326267611169037e+00 3.984326267611170813e+00
8.000000000000000000e+00 -3.978710287431907577e+00 -3.978710287431907133e+00 -2.382889399227887672e+00 -2.382889399227885452e+00 -4.880745188630419285e-01 -4.880745188630398745e-01 4.880745188630386533e-01 4.880745188630390974e-01 2.382889399227885452e+00 2.382889399227886784e+00 3.978710287431909798e+00 3.978710287431911574e+00
9.000000000000000000e+00 -3.972344330653587274e+00 -3.972344330653586386e+00 -2.384463844376234043e+00 -2.384463844376232711e+00 -5.481080263068883740e-01 -5.481080263068871528e-01 5.481080263068881520e-01 5.481080263068890401e-01 2.384463844376231823e+00 2.384463844376233599e+00 3.972344330653589495e+00 3.972344330653590383e+00
1.000000000000000000e+01 -3.965228170626216464e+00 -3.965228170626215132e+00 -2.386262952013430194e+00 -2.386262952013427530e+00 -6.077908206726269080e-01 -6.077908206726261309e-01 6.077908206726244655e-01 6.077908206726262419e-01 2.386262952013428418e+00 2.386262952013428862e+00 3.965228170626215132e+00 3.965228170626217352e+00
1.100000000000000000e+01 -3.957361680663297854e+00 -3.957361680663297854e+00 -2.388300521537843668e+00 -2.388300521537841004e+00 -6.670801853211452137e-01 -6.670801853211427712e-01 6.670801853211435484e-01 6.670801853211439925e-01 2.388300521537841448e+00 2.388300521537841892e+00 3.957361680663297854e+00 3.957361680663300074e+00
1.200000000000000000e+01 -3.948744876296942596e+00 -3.948744876296941264e+00 -2.390592191036183145e+00 -2.390592191036182257e+00 -7.259320388796408619e-01 -7.259320388796395296e-01 7.259320388796413059e-01 7.259320388796413059e-01 2.390592191036183589e+00 2.390592191036183589e+00 3.948744876296939488e+00 3.948744876296940376e+00
1.300000000000000000e+01 -3.939377962183202353e+00 -3.939377962183200133e+00 -2.393155580952843309e+00 -2.393155580952842421e+00 -7.843007056051352066e-01 -7.843007056051333192e-01 7.843007056051349846e-01 7.843007056051358727e-01 2.393155580952842421e+00 2.393155580952842865e+00 3.939377962183201909e+00 3.939377962183202797e+00
1.400000000000000000e+01 -3.929261383850696454e+00 -3.929261383850696454e+00 -2.396010463308404059e+00 -2.396010463308403171e+00 -8.421386581861763920e-01 -8.421386581861752818e-01 8.421386581861782794e-01 8.421386581861787235e-01 2.396010463308402727e+00 2.396010463308402727e+00 3.929261383850694678e+00 3.929261383850695566e+00
1.500000000000000000e+01 -3.918395884574064958e+00 -3.918395884574064958e+00 -2.399178958394217798e+00 -2.399178958394217354e+00 -8.993962308312206666e-01 -8.993962308312171139e-01 8.993962308312177800e-01 8.993962308312186682e-01 2.399178958394219574e+00 2.399178958394220462e+00 3.918395884574064958e+00 3.918395884574065846e+00
1.600000000000000000e+01 -3.906782567768066095e+00 -3.906782567768066095e+00 -2.402685760062920117e+00 -2.402685760062918341e+00 -9.560213012560330181e-01 -9.560213012560311308e-01 9.560213012560309087e-01 9.560213012560314638e-01 2.402685760062918341e+00 2.402685760062919229e+00 3.906782567768066095e+00 3.906782567768066539e+00
1.700000000000000000e+01 -3.894422965442811080e+00 -3.894422965442809748e+00 -2.406558389378163465e+00 -2.406558389378162577e+00 -1.011958941447709481e+00 -1.011958941447706595e+00 1.011958941447705262e+00 1.011958941447706151e+00 2.406558389378161689e+00 2.406558389378162133e+00 3.894422965442813744e+00 3.894422965442814633e+00
1.800000000000000000e+01 -3.881319113444503976e+00 -3.881319113444502200e+00 -2.410827474263256054e+00 -2.410827474263256054e+00 -1.067151039059914597e+00 -1.067151039059913264e+00 1.067151039059911932e+00 1.067151039059912598e+00 2.410827474263256498e+00 2.410827474263256498e+00 3.881319113444503976e+00 3.881319113444503976e+00
1.900000000000000000e+01 -3.867473634438277408e+00 -3.867473634438275631e+00 -2.415527049615495248e+00 -2.415527049615494803e+00 -1.121535894256483257e+00 -1.121535894256483035e+00 1.121535894256483257e+00 1.121535894256483701e+00 2.415527049615494803e+00 2.415527049615495248e+00 3.867473634438275631e+00 3.867473634438276520e+00
2.000000000000000000e+01 -3.852889829884189155e+00 -3.852889829884187378e+00 -2.420694867781035153e+00 -2.420694867781034265e+00 -1.175047801105506551e+00 -1.175047801105506329e+00 1.175047801105507883e+00 1.175047801105508105e+00 2.420694867781035597e+00 2.420694867781036486e+00 3.852889829884187378e+00 3.852889829884187378e+00
2.100000000000000000e+01 -3.837571782631430839e+00 -3.837571782631429507e+00 -2.426372702903138556e+00 -2.426372702903136780e+00 -1.227616628628110051e+00 -1.227616628628109829e+00 1.227616628628110274e+00 1.227616628628110718e+00 2.426372702903135892e+00 2.426372702903136780e+00 3.837571782631429951e+00 3.837571782631430395e+00
2.200000000000000000e+01 -3.821524472233725156e+00 -3.821524472233724712e+00 -2.432606624026196762e+00 -2.432606624026194542e+00 -1.279167424740372594e+00 -1.279167424740372594e+00 1.279167424740374370e+00 1.279167424740374592e+00 2.432606624026194098e+00 2.432606624026194542e+00 3.821524472233723380e+00 3.821524472233725156e+00
2.300000000000000000e+01 -3.804753905702817462e+00 -3.804753905702813910e+00 -2.439447200569870411e+00 -2.439447200569870411e+00 -1.329620076951216756e+00 -1.329620076951215424e+00 1.329620076951214980e+00 1.329620076951215202e+00 2.439447200569870855e+00 2.439447200569872187e+00 3.804753905702813910e+00 3.804753905702815242e+00
2.400000000000000000e+01 -3.787267267212016009e+00 -3.787267267212012456e+00 -2.446949589687036131e+00 -2.446949589687034354e+00 -1.378889076945153169e+00 -1.378889076945152947e+00 1.378889076945153613e+00 1.378889076945154279e+00 2.446949589687035242e+00 2.446949589687035242e+00 3.787267267212012456e+00 3.787267267212012900e+00
2.500000000000000000e+01 -3.769073091299205203e+00 -3.769073091299205203e+00 -2.455173438329169233e+00 -2.455173438329167457e+00 -1.426883451783047763e+00 -1.426883451783046430e+00 1.426883451783046652e+00 1.426883451783046874e+00 2.455173438329169233e+00 2.455173438329170121e+00 3.769073091299204314e+00 3.769073091299204314e+00
2.600000000000000000e+01 -3.750181465484811572e+00 -3.750181465484810239e+00 -2.464182514607016650e+00 -2.464182514607015761e+00 -1.473506941268267090e+00 -1.473506941268266646e+00 1.473506941268268200e+00 1.473506941268269088e+00 2.464182514607013985e+00 2.464182514607014873e+00 3.750181465484810239e+00 3.750181465484810239e+00
2.700000000000000000e+01 -3.730604270035652981e+00 -3.730604270035652092e+00 -2.474043965562432668e+00 -2.474043965562431779e+00 -1.518658516620964072e+00 -1.518658516620962962e+00 1.518658516620963184e+00 1.518658516620963406e+00 2.474043965562432223e+00 2.474043965562433112e+00 3.730604270035651204e+00 3.730604270035652092e+00
2.800000000000000000e+01 -3.710355465042167289e+00 -3.710355465042165957e+00 -2.484827085816216474e+00 -2.484827085816211589e+00 -1.562233345752744418e+00 -1.562233345752743530e+00 1.562233345752743086e+00 1.562233345752744196e+00 2.484827085816212922e+00 2.484827085816213366e+00 3.710355465042165513e+00 3.710355465042166845e+00
2.900000000000000000e+01 -3.689451438278925188e+00 -3.689451438278923412e+00 -2.496601479786846767e+00 -2.496601479786846767e+00 -1.604124308833726920e+00 -1.604124308833722479e+00 1.604124308833725809e+00 1.604124308833725809e+00 2.496601479786846323e+00 2.496601479786848987e+00 3.689451438278922524e+00 3.689451438278922524e+00
3.000000000000000000e+01 -3.667911431841695435e+00 -3.667911431841693215e+00 -2.509434516976399188e+00 -2.509434516976399188e+00 -1.644224146451262358e+00 -1.644224146451261914e+00 1.644224146451261692e+00 1.644224146451263469e+00 2.509434516976399188e+00 2.509434516976399632e+00 3.667911431841692327e+00 3.667911431841692327e+00
3.100000000000000000e+01 -3.645758071813872014e+00 -3.645758071813871126e+00 -2.523388022932744335e+00 -2.523388022932742558e+00 -1.682428273219639392e+00 -1.682428273219638282e+00 1.682428273219638726e+00 1.682428273219638948e+00 2.523388022932742558e+00 2.523388022932743446e+00 3.645758071813870682e+00 3.645758071813870682e+00
3.200000000000000000e+01 -3.623018033968543605e+00 -3.623018033968542717e+00 -2.538514222470371617e+00 -2.538514222470370729e+00 -1.718638206908541965e+00 -1.718638206908541965e+00 1.718638206908539523e+00 1.718638206908541521e+00 2.538514222470371173e+00 2.538514222470372506e+00 3.623018033968542717e+00 3.623018033968544938e+00
3.300000000000000000e+01 -3.599722890879729409e+00 -3.599722890879727633e+00 -2.554851053133243788e+00 -2.554851053133242900e+00 -1.752765449328561376e+00 -1.752765449328560265e+00 1.752765449328559377e+00 1.752765449328559599e+00 2.554851053133242456e+00 2.554851053133243788e+00 3.599722890879729409e+00 3.599722890879729853e+00
3.400000000000000000e+01 -3.575910203462209225e+00 -3.575910203462208337e+00 -2.572417079363547021e+00 -2.572417079363546133e+00 -1.784735525029690129e+00 -1.784735525029688352e+00 1.784735525029687242e+00 1.784735525029687686e+00 2.572417079363545689e+00 2.572417079363547465e+00 3.575910203462208781e+00 3.575910203462209669e+00
3.500000000000000000e+01 -3.551624945365186914e+00 -3.551624945365186026e+00 -2.591206329970496380e+00 -2.591206329970495048e+00 -1.814491766283023111e+00 -1.814491766283021779e+00 1.814491766283021112e+00 1.814491766283022001e+00 2.591206329970494160e+00 2.591206329970496824e+00 3.551624945365187802e+00 3.551624945365187802e+00
3.600000000000000000e+01 -3.526921385500709771e+00 -3.526921385500707995e+00 -2.611183410902259361e+00 -2.611183410902259361e+00 -1.841998366508945439e+00 -1.841998366508944995e+00 1.841998366508944773e+00 1.841998366508944995e+00 2.611183410902258029e+00 2.611183410902259361e+00 3.526921385500709327e+00 3.526921385500709771e+00
3.700000000000000000e+01 -3.501865607721999396e+00 -3.501865607721998952e+00 -2.632279170713042848e+00 -2.632279170713041960e+00 -1.867242245157613834e+00 -1.867242245157612723e+00 1.867242245157612723e+00 1.867242245157613389e+00 2.632279170713041072e+00 2.632279170713041072e+00 3.501865607721997620e+00 3.501865607721998508e+00
3.800000000000000000e+01 -3.476538925062270469e+00 -3.476538925062268248e+00 -2.654386993830363917e+00 -2.654386993830360808e+00 -1.890233390913642619e+00 -1.890233390913642175e+00 1.890233390913641953e+00 1.890233390913642619e+00 2.654386993830360808e+00 2.654386993830362140e+00 3.476538925062268692e+00 3.476538925062269580e+00
3.900000000000000000e+01 -3.451042559529382991e+00 -3.451042559529381659e+00 -2.677359473436981219e+00 -2.677359473436978998e+00 -1.911003559786364381e+00 -1.911003559786363049e+00 1.911003559786362160e+00 1.911003559786363715e+00 2.677359473436979442e+00 2.677359473436980775e+00 3.451042559529381215e+00 3.451042559529382103e+00
4.000000000000000000e+01 -3.425504119625867094e+00 -3.425504119625866206e+00 -2.701004808750062214e+00 -2.701004808750060882e+00 -1.929603450497547668e+00 -1.929603450497546335e+00 1.929603450497547446e+00 1.929603450497548334e+00 2.701004808750061770e+00 2.701004808750062214e+00 3.425504119625867538e+00 3.425504119625869315e+00
4.100000000000000000e+01 -3.400086625572368071e+00 -3.400086625572366295e+00 -2.725081836611566999e+00 -2.725081836611566111e+00 -1.946098696641228809e+00 -1.946098696641227921e+00 1.946098696641229475e+00 1.946098696641229697e+00 2.725081836611566555e+00 2.725081836611568331e+00 3.400086625572366295e+00 3.400086625572367183e+00
4.200000000000000000e+01 -3.375001094421563153e+00 -3.375001094421561820e+00 -2.749292211204087621e+00 -2.749292211204086733e+00 -1.960565148992388540e+00 -1.960565148992387208e+00 1.960565148992388762e+00 1.960565148992389428e+00 2.749292211204085401e+00 2.749292211204086289e+00 3.375001094421561820e+00 3.375001094421561820e+00
4.300000000000000000e+01 -3.350523918826698644e+00 -3.350523918826698644e+00 -2.773267996817978531e+00 -2.773267996817976755e+00 -1.973083948673498567e+00 -1.973083948673498123e+00 1.973083948673497456e+00 1.973083948673498567e+00 2.773267996817978531e+00 2.773267996817978531e+00 3.350523918826698644e+00 3.350523918826699088e+00
4.400000000000000000e+01 -3.327020164568907479e+00 -3.327020164568906591e+00 -2.796553114479155777e+00 -2.796553114479155333e+00 -1.983736824693459466e+00 -1.983736824693459022e+00 1.983736824693458356e+00 1.983736824693459466e+00 2.796553114479154445e+00 2.796553114479154889e+00 3.327020164568906146e+00 3.327020164568907923e+00
4.500000000000000000e+01 -3.304972686088925915e+00 -3.304972686088924139e+00 -2.818578434608831618e+00 -2.818578434608831618e+00 -1.992601923907451944e+00 -1.992601923907450612e+00 1.992601923907451500e+00 1.992601923907451944e+00 2.818578434608830285e+00 2.818578434608831618e+00 3.304972686088926359e+00 3.304972686088927247e+00
4.600000000000000000e+01 -3.285012840645658905e+00 -3.285012840645654908e+00 -2.838634567914438023e+00 -2.838634567914437579e+00 -1.999750340086151157e+00 -1.999750340086150935e+00 1.999750340086150935e+00 1.999750340086152267e+00 2.838634567914437579e+00 2.838634567914438023e+00 3.285012840645656240e+00 3.285012840645656240e+00
4.700000000000000000e+01 -3.267938602471032183e+00 -3.267938602471027743e+00 -2.855856509650103625e+00 -2.855856509650102293e+00 -2.005243385147974955e+00 -2.005243385147972734e+00 2.005243385147974511e+00 2.005243385147974511e+00 2.855856509650104513e+00 2.855856509650105401e+00 3.267938602471026410e+00 3.267938602471027743e+00
4.800000000000000000e+01 -3.254688433334078645e+00 -3.254688433334073761e+00 -2.869251824992938626e+00 -2.869251824992937738e+00 -2.009130558013926038e+00 -2.009130558013925594e+00 2.009130558013926038e+00 2.009130558013926926e+00 2.869251824992936406e+00 2.869251824992936406e+00 3.254688433334074205e+00 3.254688433334076869e+00
4.900000000000000000e+01 -3.246224724994320354e+00 -3.246224724994318578e+00 -2.877818651734925126e+00 -2.877818651734925126e+00 -2.011448119086227670e+00 -2.011448119086225894e+00 2.011448119086226782e+00 2.011448119086227670e+00 2.877818651734923350e+00 2.877818651734924682e+00 3.246224724994319466e+00 3.246224724994321242e+00
5.000000000000000000e+01 -3.243305830697226000e+00 -3.243305830697222003e+00 -2.880774607331558546e+00 -2.880774607331556769e+00 -2.012218165904470002e+00 -2.012218165904468226e+00 2.012218165904468670e+00 2.012218165904469114e+00 2.880774607331557657e+00 2.880774607331557657e+00 3.243305830697222447e+00 3.243305830697225556e+00
5.100000000000000000e+01 -3.246224724994321686e+00 -3.246224724994319466e+00 -2.877818651734924682e+00 -2.877818651734924238e+00 -2.011448119086227670e+00 -2.011448119086226782e+00 2.011448119086225894e+00 2.011448119086226782e+00 2.877818651734925126e+00 2.877818651734926014e+00 3.246224724994317690e+00 3.246224724994322131e+00
5.200000000000000000e+01 -3.254688433334077313e+00 -3.254688433334074205e+00 -2.869251824992936406e+00 -2.869251824992935962e+00 -2.009130558013926038e+00 -2.009130558013925150e+00 2.009130558013926038e+00 2.009130558013926482e+00 2.869251824992935518e+00 2.869251824992936406e+00 3.254688433334073316e+00 3.254688433334079090e+00
5.300000000000000000e+01 -3.267938602471028631e+00 -3.267938602471028187e+00 -2.855856509650104957e+00 -2.855856509650104069e+00 -2.005243385147975399e+00 -2.005243385147974511e+00 2.005243385147974955e+00 2.005243385147975843e+00 2.855856509650103625e+00 2.855856509650104513e+00 3.267938602471027743e+00 3.267938602471029519e+00
5.400000000000000000e+01 -3.285012840645655352e+00 -3.285012840645655352e+00 -2.838634567914437579e+00 -2.838634567914437135e+00 -1.999750340086152711e+00 -1.999750340086150047e+00 1.999750340086151601e+00 1.999750340086151823e+00 2.838634567914436690e+00 2.838634567914437135e+00 3.285012840645654464e+00 3.285012840645655796e+00
5.500000000000000000e+01 -3.304972686088926803e+00 -3.304972686088926359e+00 -2.818578434608832506e+00 -2.818578434608832062e+00 -1.992601923907451500e+00 -1.992601923907449724e+00 1.992601923907450612e+00 1.992601923907451500e+00 2.818578434608830730e+00 2.818578434608832062e+00 3.304972686088925027e+00 3.304972686088925915e+00
5.600000000000000000e+01 -3.327020164568908811e+00 -3.327020164568908811e+00 -2.796553114479154889e+00 -2.796553114479154001e+00 -1.983736824693459466e+00 -1.983736824693459022e+00 1.983736824693457690e+00 1.983736824693458134e+00 2.796553114479154445e+00 2.796553114479156221e+00 3.327020164568907035e+00 3.327020164568908811e+00
5.700000000000000000e+01 -3.350523918826698644e+00 -3.350523918826698644e+00 -2.773267996817978975e+00 -2.773267996817978531e+00 -1.973083948673498123e+00 -1.973083948673496346e+00 1.973083948673497678e+00 1.973083948673498567e+00 2.773267996817977199e+00 2.773267996817978531e+00 3.350523918826700420e+00 3.350523918826700420e+00
5.800000000000000000e+01 -3.375001094421561820e+00 -3.375001094421560932e+00 -2.749292211204086289e+00 -2.749292211204085401e+00 -1.960565148992389206e+00 -1.960565148992388318e+00 1.960565148992387208e+00 1.960565148992387430e+00 2.749292211204086733e+00 2.749292211204086733e+00 3.375001094421560932e+00 3.375001094421563597e+00
5.900000000000000000e+01 -3.400086625572366295e+00 -3.400086625572365406e+00 -2.725081836611566999e+00 -2.725081836611565667e+00 -1.946098696641230807e+00 -1.946098696641228143e+00 1.946098696641229031e+00 1.946098696641229919e+00 2.725081836611565222e+00 2.725081836611566111e+00 3.400086625572365406e+00 3.400086625572367183e+00
6.000000000000000000e+01 -3.425504119625868427e+00 -3.425504119625868427e+00 -2.701004808750062658e+00 -2.701004808750062214e+00 -1.929603450497548112e+00 -1.929603450497546335e+00 1.929603450497547890e+00 1.929603450497549222e+00 2.701004808750061326e+00 2.701004808750062214e+00 3.425504119625867538e+00 3.425504119625868427e+00
6.100000000000000000e+01 -3.451042559529383436e+00 -3.451042559529380771e+00 -2.677359473436980331e+00 -2.677359473436979442e+00 -1.911003559786363493e+00 -1.911003559786363493e+00 1.911003559786361494e+00 1.911003559786361494e+00 2.677359473436978998e+00 2.677359473436980775e+00 3.451042559529380327e+00 3.451042559529382547e+00
6.200000000000000000e+01 -3.476538925062270469e+00 -3.476538925062270469e+00 -2.654386993830362140e+00 -2.654386993830361252e+00 -1.890233390913643508e+00 -1.890233390913642619e+00 1.890233390913642397e+00 1.890233390913643285e+00 2.654386993830361252e+00 2.654386993830363473e+00 3.476538925062270025e+00 3.476538925062271801e+00
6.300000000000000000e+01 -3.501865607721999396e+00 -3.501865607721997176e+00 -2.632279170713041516e+00 -2.632279170713041072e+00 -1.867242245157614278e+00 -1.867242245157613389e+00 1.867242245157612279e+00 1.867242245157614056e+00 2.632279170713042404e+00 2.632279170713042848e+00 3.501865607721997620e+00 3.501865607721999396e+00
6.400000000000000000e+01 -3.526921385500710215e+00 -3.526921385500709327e+00 -2.611183410902258917e+00 -2.611183410902257140e+00 -1.841998366508945439e+00 -1.841998366508945217e+00 1.841998366508945661e+00 1.841998366508946550e+00 2.611183410902257584e+00 2.611183410902258473e+00 3.526921385500710215e+00 3.526921385500711104e+00
6.500000000000000000e+01 -3.551624945365188690e+00 -3.551624945365187358e+00 -2.591206329970495492e+00 -2.591206329970494604e+00 -1.814491766283021779e+00 -1.814491766283021112e+00 1.814491766283020446e+00 1.814491766283023111e+00 2.591206329970493716e+00 2.591206329970495492e+00 3.551624945365187802e+00 3.551624945365190467e+00
6.600000000000000000e+01 -3.575910203462208781e+00 -3.575910203462208781e+00 -2.572417079363547909e+00 -2.572417079363546133e+00 -1.784735525029689240e+00 -1.784735525029688130e+00 1.784735525029688130e+00 1.784735525029690129e+00 2.572417079363547465e+00 2.572417079363548353e+00 3.575910203462208781e+00 3.575910203462211001e+00
6.700000000000000000e+01 -3.599722890879729409e+00 -3.599722890879728521e+00 -2.554851053133242900e+00 -2.554851053133242456e+00 -1.752765449328560043e+00 -1.752765449328559155e+00 1.752765449328559377e+00 1.752765449328560043e+00 2.554851053133241123e+00 2.554851053133242900e+00 3.599722890879728965e+00 3.599722890879729409e+00
6.800000000000000000e+01 -3.623018033968543605e+00 -3.623018033968542273e+00 -2.538514222470373394e+00 -2.538514222470369397e+00 -1.718638206908541299e+00 -1.718638206908539523e+00 1.718638206908540855e+00 1.718638206908541743e+00 2.538514222470369841e+00 2.538514222470371617e+00 3.623018033968543161e+00 3.623018033968543605e+00
6.900000000000000000e+01 -3.645758071813871570e+00 -3.645758071813869794e+00 -2.523388022932745667e+00 -2.523388022932742114e+00 -1.682428273219640502e+00 -1.682428273219638504e+00 1.682428273219638060e+00 1.682428273219638726e+00 2.523388022932743446e+00 2.523388022932744335e+00 3.645758071813872014e+00 3.645758071813872014e+00
7.000000000000000000e+01 -3.667911431841693215e+00 -3.667911431841693215e+00 -2.509434516976400076e+00 -2.509434516976400076e+00 -1.644224146451263469e+00 -1.644224146451262580e+00 1.644224146451261248e+00 1.644224146451261692e+00 2.509434516976399188e+00 2.509434516976399632e+00 3.667911431841694547e+00 3.667911431841695880e+00
7.100000000000000000e+01 -3.689451438278922524e+00 -3.689451438278921636e+00 -2.496601479786847211e+00 -2.496601479786847211e+00 -1.604124308833725587e+00 -1.604124308833725143e+00 1.604124308833721368e+00 1.604124308833727586e+00 2.496601479786846767e+00 2.496601479786846767e+00 3.689451438278922524e+00 3.689451438278924300e+00
7.200000000000000000e+01 -3.710355465042166401e+00 -3.710355465042166401e+00 -2.484827085816214698e+00 -2.484827085816214254e+00 -1.562233345752744640e+00 -1.562233345752743974e+00 1.562233345752743752e+00 1.562233345752746416e+00 2.484827085816212922e+00 2.484827085816215142e+00 3.710355465042165068e+00 3.710355465042167289e+00
7.300000000000000000e+01 -3.730604270035651204e+00 -3.730604270035649428e+00 -2.474043965562435776e+00 -2.474043965562433556e+00 -1.518658516620964072e+00 -1.518658516620962962e+00 1.518658516620961407e+00 1.518658516620964738e+00 2.474043965562430891e+00 2.474043965562433556e+00 3.730604270035649428e+00 3.730604270035650316e+00
7.400000000000000000e+01 -3.750181465484809351e+00 -3.750181465484808907e+00 -2.464182514607014429e+00 -2.464182514607013985e+00 -1.473506941268268200e+00 -1.473506941268267978e+00 1.473506941268266868e+00 1.473506941268269976e+00 2.464182514607012653e+00 2.464182514607014873e+00 3.750181465484806687e+00 3.750181465484808019e+00
7.500000000000000000e+01 -3.769073091299206535e+00 -3.769073091299206091e+00 -2.455173438329171010e+00 -2.455173438329169233e+00 -1.426883451783047541e+00 -1.426883451783045542e+00 1.426883451783047096e+00 1.426883451783048873e+00 2.455173438329168345e+00 2.455173438329168789e+00 3.769073091299206091e+00 3.769073091299206979e+00
7.600000000000000000e+01 -3.787267267212013344e+00 -3.787267267212012900e+00 -2.446949589687036575e+00 -2.446949589687034354e+00 -1.378889076945154502e+00 -1.378889076945153391e+00 1.378889076945151393e+00 1.378889076945153169e+00 2.446949589687036575e+00 2.446949589687038351e+00 3.787267267212010680e+00 3.787267267212015120e+00
7.700000000000000000e+01 -3.804753905702816574e+00 -3.804753905702815686e+00 -2.439447200569873075e+00 -2.439447200569872631e+00 -1.329620076951214758e+00 -1.329620076951212981e+00 1.329620076951212093e+00 1.329620076951214536e+00 2.439447200569871299e+00 2.439447200569871743e+00 3.804753905702815686e+00 3.804753905702816574e+00
7.800000000000000000e+01 -3.821524472233726044e+00 -3.821524472233725156e+00 -2.432606624026195430e+00 -2.432606624026192765e+00 -1.279167424740375036e+00 -1.279167424740373926e+00 1.279167424740372150e+00 1.279167424740374148e+00 2.432606624026194542e+00 2.432606624026196318e+00 3.821524472233725156e+00 3.821524472233726044e+00
7.900000000000000000e+01 -3.837571782631431283e+00 -3.837571782631430395e+00 -2.426372702903138112e+00 -2.426372702903137224e+00 -1.227616628628110718e+00 -1.227616628628109829e+00 1.227616628628111606e+00 1.227616628628113382e+00 2.426372702903136336e+00 2.426372702903136780e+00 3.837571782631428619e+00 3.837571782631429507e+00
8.000000000000000000e+01 -3.852889829884187378e+00 -3.852889829884187378e+00 -2.420694867781035597e+00 -2.420694867781035153e+00 -1.175047801105506995e+00 -1.175047801105505663e+00 1.175047801105508549e+00 1.175047801105509659e+00 2.420694867781034709e+00 2.420694867781035153e+00 3.852889829884185158e+00 3.852889829884186490e+00
8.100000000000000000e+01 -3.867473634438277408e+00 -3.867473634438276964e+00 -2.415527049615496580e+00 -2.415527049615494803e+00 -1.121535894256483035e+00 -1.121535894256482369e+00 1.121535894256482591e+00 1.121535894256483257e+00 2.415527049615495692e+00 2.415527049615496136e+00 3.867473634438276076e+00 3.867473634438276964e+00
8.200000000000000000e+01 -3.881319113444503976e+00 -3.881319113444503976e+00 -2.410827474263256942e+00 -2.410827474263256054e+00 -1.067151039059913264e+00 -1.067151039059913042e+00 1.067151039059912376e+00 1.067151039059913264e+00 2.410827474263255610e+00 2.410827474263257386e+00 3.881319113444502200e+00 3.881319113444503088e+00
8.300000000000000000e+01 -3.894422965442815521e+00 -3.894422965442813744e+00 -2.406558389378164353e+00 -2.406558389378162133e+00 -1.011958941447705262e+00 -1.011958941447704818e+00 1.011958941447706817e+00 1.011958941447707483e+00 2.406558389378163909e+00 2.406558389378163909e+00 3.894422965442811968e+00 3.894422965442813744e+00
8.400000000000000000e+01 -3.906782567768068315e+00 -3.906782567768066983e+00 -2.402685760062919673e+00 -2.402685760062919229e+00 -9.560213012560316859e-01 -9.560213012560309087e-01 9.560213012560307977e-01 9.560213012560327961e-01 2.402685760062918785e+00 2.402685760062919229e+00 3.906782567768066095e+00 3.906782567768066539e+00
8.500000000000000000e+01 -3.918395884574067178e+00 -3.918395884574064514e+00 -2.399178958394220462e+00 -2.399178958394220018e+00 -8.993962308312173359e-01 -8.993962308312164478e-01 8.993962308312175580e-01 8.993962308312181131e-01 2.399178958394218686e+00 2.399178958394220906e+00 3.918395884574064958e+00 3.918395884574065846e+00
8.600000000000000000e+01 -3.929261383850697342e+00 -3.929261383850696898e+00 -2.396010463308402727e+00 -2.396010463308401395e+00 -8.421386581861796117e-01 -8.421386581861791676e-01 8.421386581861742826e-01 8.421386581861769471e-01 2.396010463308404059e+00 2.396010463308404503e+00 3.929261383850696010e+00 3.929261383850698675e+00
8.700000000000000000e+01 -3.939377962183202797e+00 -3.939377962183202353e+00 -2.393155580952842865e+00 -2.393155580952841976e+00 -7.843007056051367609e-01 -7.843007056051363168e-01 7.843007056051345405e-01 7.843007056051368719e-01 2.393155580952841088e+00 2.393155580952841532e+00 3.939377962183202797e+00 3.939377962183202797e+00
8.800000000000000000e+01 -3.948744876296941264e+00 -3.948744876296939488e+00 -2.390592191036184477e+00 -2.390592191036183145e+00 -7.259320388796408619e-01 -7.259320388796395296e-01 7.259320388796381973e-01 7.259320388796438595e-01 2.390592191036183145e+00 2.390592191036185810e+00 3.948744876296935935e+00 3.948744876296939488e+00
8.900000000000000000e+01 -3.957361680663300518e+00 -3.957361680663300518e+00 -2.388300521537841448e+00 -2.388300521537841448e+00 -6.670801853211448806e-01 -6.670801853211435484e-01 6.670801853211436594e-01 6.670801853211441035e-01 2.388300521537843224e+00 2.388300521537843224e+00 3.957361680663297854e+00 3.957361680663298298e+00
9.000000000000000000e+01 -3.965228170626217352e+00 -3.965228170626216908e+00 -2.386262952013427974e+00 -2.386262952013425753e+00 -6.077908206726257978e-01 -6.077908206726249096e-01 6.077908206726256868e-01 6.077908206726269080e-01 2.386262952013426641e+00 2.386262952013427530e+00 3.965228170626214688e+00 3.965228170626215132e+00
9.100000000000000000e+01 -3.972344330653590827e+00 -3.972344330653589939e+00 -2.384463844376232711e+00 -2.384463844376230934e+00 -5.481080263068890401e-01 -5.481080263068885960e-01 5.481080263068859315e-01 5.481080263068875968e-01 2.384463844376234931e+00 2.384463844376235375e+00 3.972344330653590383e+00 3.972344330653591271e+00
9.200000000000000000e+01 -3.978710287431910686e+00 -3.978710287431910242e+00 -2.382889399227888116e+00 -2.382889399227885896e+00 -4.880745188630377651e-01 -4.880745188630373210e-01 4.880745188630362108e-01 4.880745188630391529e-01 2.382889399227886784e+00 2.382889399227888116e+00 3.978710287431905357e+00 3.978710287431909798e+00
9.300000000000000000e+01 -3.984326267611170813e+00 -3.984326267611168593e+00 -2.381527535390696393e+00 -2.381527535390695061e+00 -4.277318548953435995e-01 -4.277318548953418231e-01 4.277318548953427113e-01 4.277318548953448207e-01 2.381527535390697281e+00 2.381527535390698613e+00 3.984326267611167260e+00 3.984326267611170813e+00
9.400000000000000000e+01 -3.989192560075333294e+00 -3.989192560075331961e+00 -2.380367790140236472e+00 -2.380367790140234252e+00 -3.671206133094731539e-01 -3.671206133094713775e-01 3.671206133094716551e-01 3.671206133094728763e-01 2.380367790140232032e+00 2.380367790140232920e+00 3.989192560075330629e+00 3.989192560075333738e+00
9.500000000000000000e+01 -3.993309482664964438e+00 -3.993309482664963550e+00 -2.379401237663871793e+00 -2.379401237663870017e+00 -3.062805584369795442e-01 -3.062805584369773237e-01 3.062805584369768797e-01 3.062805584369783229e-01 2.379401237663871793e+00 2.379401237663872681e+00 3.993309482664965326e+00 3.993309482664966659e+00
9.600000000000000000e+01 -3.996677353316072434e+00 -3.996677353316069325e+00 -2.378620423418492003e+00 -2.378620423418490670e+00 -2.452507866589651031e-01 -2.452507866589651031e-01 2.452507866589641594e-01 2.452507866589649366e-01 2.378620423418490226e+00 2.378620423418491114e+00 3.996677353316067105e+00 3.996677353316071546e+00
9.700000000000000000e+01 -3.999296465604867734e+00 -3.999296465604864625e+00 -2.378019312286637543e+00 -2.378019312286636211e+00 -1.840698598129446584e-01 -1.840698598129446584e-01 1.840698598129451025e-01 1.840698598129466568e-01 2.378019312286636211e+00 2.378019312286637099e+00 3.999296465604869955e+00 3.999296465604872175e+00
9.800000000000000000e+01 -4.001167068704902796e+00 -4.001167068704901908e+00 -2.377593248706288520e+00 -2.377593248706284523e+00 -1.227759307791281840e-01 -1.227759307791259635e-01 1.227759307791250754e-01 1.227759307791274068e-01 2.377593248706288076e+00 2.377593248706290296e+00 4.001167068704902796e+00 4.001167068704904572e+00
9.900000000000000000e+01 -4.002289351771445958e+00 -4.002289351771432635e+00 -2.377338927256099410e+00 -2.377338927256094081e+00 -6.140688924417857242e-02 -6.140688924417721933e-02 6.140688924417759403e-02 6.140688924417837119e-02 2.377338927256092749e+00 2.377338927256094081e+00 4.002289351771432635e+00 4.002289351771435300e+00
1.000000000000000000e+02 -4.002663432772804342e+00 -4.002663432765601215e+00 -2.377254372505872571e+00 -2.377254372502838553e+00 -1.584495371790955987e-04 -1.584495370511647297e-04 1.584495370285421466e-04 1.584495372818395297e-04 2.377254372502997093e+00 2.377254372506230951e+00 4.002663432767422869e+00 4.002663432772440189e+00
1.010000000000000000e+02 -4.002569913151487135e+00 -4.002569913151464043e+00 -2.377275500930310148e+00 -2.377275500930299046e+00 -3.070609639814283337e-02 -3.070609639812933722e-02 3.070609639813750430e-02 3.070609639814086272e-02 2.377275500930279950e+00 2.377275500930292829e+00 4.002569913151481806e+00 4.002569913151488912e+00
1.020000000000000000e+02 -4.002289351771435300e+00 -4.002289351771432635e+00 -2.377338927256102075e+00 -2.377338927256097190e+00 -6.140688924417891936e-02 -6.140688924417540828e-02 6.140688924417499195e-02 6.140688924417514460e-02 2.377338927256097634e+00 2.377338927256098522e+00 4.002289351771430859e+00 4.002289351771434411e+00
1.030000000000000000e+02 -4.001821741100528129e+00 -4.001821741100515695e+00 -2.377444774674016159e+00 -2.377444774674015271e+00 -9.209843461650074614e-02 -9.209843461649909468e-02 9.209843461649724894e-02 9.209843461649890040e-02 2.377444774674013939e+00 2.377444774674018824e+00 4.001821741100521024e+00 4.001821741100534346e+00
1.040000000000000000e+02 -4.001167068704909902e+00 -4.001167068704897467e+00 -2.377593248706287632e+00 -2.377593248706287632e+00 -1.227759307791274762e-01 -1.227759307791263521e-01 1.227759307791250476e-01 1.227759307791286697e-01 2.377593248706290741e+00 2.377593248706292961e+00 4.001167068704900132e+00 4.001167068704907237e+00
1.050000000000000000e+02 -4.000325317421950189e+00 -4.000325317421945748e+00 -2.377784637506357601e+00 -2.377784637506354937e+00 -1.534346485113423642e-01 -1.534346485113412262e-01 1.534346485113421976e-01 1.534346485113422809e-01 2.377784637506354493e+00 2.377784637506356269e+00 4.000325317421949300e+00 4.000325317421951077e+00
1.060000000000000000e+02 -3.999296465604869066e+00 -3.999296465604867734e+00 -2.378019312286639320e+00 -2.378019312286636211e+00 -1.840698598129433261e-01 -1.840698598129430485e-01 1.840698598129437702e-01 1.840698598129444918e-01 2.378019312286638876e+00 2.378019312286640208e+00 3.999296465604868622e+00 3.999296465604871287e+00
1.070000000000000000e+02 -3.998080487437068342e+00 -3.998080487437067898e+00 -2.378297727876844458e+00 -2.378297727876843570e+00 -2.146768249407380869e-01 -2.146768249407367546e-01 2.146768249407382811e-01 2.146768249407401130e-01 2.378297727876841350e+00 2.378297727876841350e+00 3.998080487437064789e+00 3.998080487437067454e+00
1.080000000000000000e+02 -3.996677353316070658e+00 -3.996677353316070214e+00 -2.378620423418491558e+00 -2.378620423418491114e+00 -2.452507866589637431e-01 -2.452507866589615226e-01 2.452507866589609398e-01 2.452507866589642149e-01 2.378620423418493335e+00 2.378620423418493335e+00 3.996677353316068881e+00 3.996677353316074210e+00
1.090000000000000000e+02 -3.995087030306935905e+00 -3.995087030306935905e+00 -2.378988023203290947e+00 -2.378988023203289615e+00 -2.757869660079003693e-01 -2.757869660078977048e-01 2.757869660078983709e-01 2.757869660079008134e-01 2.378988023203288282e+00 2.378988023203289170e+00 3.995087030306935461e+00 3.995087030306938125e+00
1.100000000000000000e+02 -3.993309482664966215e+00 -3.993309482664966215e+00 -2.379401237663871793e+00 -2.379401237663870017e+00 -3.062805584369774903e-01 -3.062805584369760470e-01 3.062805584369769907e-01 3.062805584369771017e-01 2.379401237663870017e+00 2.379401237663871793e+00 3.993309482664963994e+00 3.993309482664964882e+00
1.110000000000000000e+02 -3.991344672427600493e+00 -3.991344672427600049e+00 -2.379860864526964992e+00 -2.379860864526963660e+00 -3.367267299741573128e-01 -3.367267299741546482e-01 3.367267299741570352e-01 3.367267299741583675e-01 2.379860864526964104e+00 2.379860864526964104e+00 3.991344672427596940e+00 3.991344672427600493e+00
1.120000000000000000e+02 -3.989192560075331073e+00 -3.989192560075329297e+00 -2.380367790140235584e+00 -2.380367790140235584e+00 -3.671206133094718771e-01 -3.671206133094706003e-01 3.671206133094723212e-01 3.671206133094723767e-01 2.380367790140231588e+00 2.380367790140234696e+00 3.989192560075328853e+00 3.989192560075333294e+00
1.130000000000000000e+02 -3.986853105261540353e+00 -3.986853105261539021e+00 -2.380922990985307131e+00 -2.380922990985306242e+00 -3.974573037336894266e-01 -3.974573037336880943e-01 3.974573037336891490e-01 3.974573037336895931e-01 2.380922990985305354e+00 2.380922990985306686e+00 3.986853105261536356e+00 3.986853105261539909e+00
1.140000000000000000e+02 -3.984326267611170369e+00 -3.984326267611170369e+00 -2.381527535390699057e+00 -2.381527535390697725e+00 -4.277318548953418231e-01 -4.277318548953404909e-01 4.277318548953433774e-01 4.277318548953437105e-01 2.381527535390696393e+00 2.381527535390697725e+00 3.984326267611169037e+00 3.984326267611170369e+00
1.150000000000000000e+02 -3.981612007588195556e+00 -3.981612007588195112e+00 -2.382182585459502455e+00 -2.382182585459501123e+00 -4.579392743479885342e-01 -4.579392743479863137e-01 4.579392743479852590e-01 4.579392743479868133e-01 2.382182585459501567e+00 2.382182585459504232e+00 3.981612007588195556e+00 3.981612007588196001e+00
1.160000000000000000e+02 -3.978710287431911130e+00 -3.978710287431908910e+00 -2.382889399227886340e+00 -2.382889399227886340e+00 -4.880745188630364884e-01 -4.880745188630360998e-01 4.880745188630356557e-01 4.880745188630385978e-01 2.382889399227885008e+00 2.382889399227885896e+00 3.978710287431908466e+00 3.978710287431910686e+00
1.170000000000000000e+02 -3.975621072162137004e+00 -3.975621072162135228e+00 -2.383649333071277798e+00 -2.383649333071277798e+00 -5.181324894850636298e-01 -5.181324894850630747e-01 5.181324894850619645e-01 5.181324894850629637e-01 2.383649333071276022e+00 2.383649333071279131e+00 3.975621072162135672e+00 3.975621072162136560e+00
1.180000000000000000e+02 -3.972344330653591715e+00 -3.972344330653587274e+00 -2.384463844376232267e+00 -2.384463844376232267e+00 -5.481080263068873748e-01 -5.481080263068864866e-01 5.481080263068855984e-01 5.481080263068893732e-01 2.384463844376231823e+00 2.384463844376232711e+00 3.972344330653588163e+00 3.972344330653589051e+00
1.190000000000000000e+02 -3.968880036779672604e+00 -3.968880036779670828e+00 -2.385334494496621716e+00 -2.385334494496620827e+00 -5.779959029421097849e-01 -5.779959029421072314e-01 5.779959029421063432e-01 5.779959029421106731e-01 2.385334494496621272e+00 2.385334494496621716e+00 3.968880036779671272e+00 3.968880036779671272e+00
1.200000000000000000e+02 -3.965228170626216020e+00 -3.965228170626215576e+00 -2.386262952013428418e+00 -2.386262952013427530e+00 -6.077908206726265750e-01 -6.077908206726251317e-01 6.077908206726247986e-01 6.077908206726260198e-01 2.386262952013427086e+00 2.386262952013428418e+00 3.965228170626217352e+00 3.965228170626217352e+00
1.210000000000000000e+02 -3.961388719775770006e+00 -3.961388719775769118e+00 -2.387250996317892504e+00 -2.387250996317891172e+00 -6.374874022489431802e-01 -6.374874022489414038e-01 6.374874022489404046e-01 6.374874022489404046e-01 2.387250996317890284e+00 2.387250996317892060e+00 3.961388719775770006e+00 3.961388719775770006e+00
1.220000000000000000e+02 -3.957361680663300518e+00 -3.957361680663298742e+00 -2.388300521537842336e+00 -2.388300521537841892e+00 -6.670801853211433263e-01 -6.670801853211415500e-01 6.670801853211437704e-01 6.670801853211446586e-01 2.388300521537840115e+00 2.388300521537841004e+00 3.957361680663298742e+00 3.957361680663299630e+00
1.230000000000000000e+02 -3.953147060004338798e+00 -3.953147060004337909e+00 -2.389413540826955895e+00 -2.389413540826955007e+00 -6.965636154789207612e-01 -6.965636154789185408e-01 6.965636154789199841e-01 6.965636154789204282e-01 2.389413540826955007e+00 2.389413540826955451e+00 3.953147060004338353e+00 3.953147060004338798e+00
1.240000000000000000e+02 -3.948744876296939488e+00 -3.948744876296938600e+00 -2.390592191036183145e+00 -2.390592191036182257e+00 -7.259320388796407508e-01 -7.259320388796403067e-01 7.259320388796407508e-01 7.259320388796418611e-01 2.390592191036182257e+00 2.390592191036185810e+00 3.948744876296938600e+00 3.948744876296938600e+00
1.250000000000000000e+02 -3.944155161399038434e+00 -3.944155161399037102e+00 -2.391838737785513924e+00 -2.391838737785512592e+00 -7.551796944446094173e-01 -7.551796944446071969e-01 7.551796944446087512e-01 7.551796944446109716e-01 2.391838737785512592e+00 2.391838737785514812e+00 3.944155161399038434e+00 3.944155161399039322e+00
1.260000000000000000e+02 -3.939377962183203685e+00 -3.939377962183203241e+00 -2.393155580952841976e+00 -2.393155580952841532e+00 -7.843007056051345405e-01 -7.843007056051336523e-01 7.843007056051350956e-01 7.843007056051355397e-01 2.393155580952841976e+00 2.393155580952842421e+00 3.939377962183201909e+00 3.939377962183202353e+00
1.270000000000000000e+02 -3.934413342271132041e+00 -3.934413342271129377e+00 -2.394545260594419744e+00 -2.394545260594419744e+00 -8.132890715821813332e-01 -8.132890715821800010e-01 8.132890715821797789e-01 8.132890715821819994e-01 2.394545260594419744e+00 2.394545260594419744e+00 3.934413342271131597e+00 3.934413342271133374e+00
1.280000000000000000e+02 -3.929261383850696454e+00 -3.929261383850693790e+00 -2.396010463308402283e+00 -2.396010463308401839e+00 -8.421386581861790566e-01 -8.421386581861772802e-01 8.421386581861783904e-01 8.421386581861796117e-01 2.396010463308400062e+00 2.396010463308400951e+00 3.929261383850695566e+00 3.929261383850698230e+00
1.290000000000000000e+02 -3.923922189578823883e+00 -3.923922189578822550e+00 -2.397554029049078217e+00 -2.397554029049076441e+00 -8.708431881273008823e-01 -8.708431881272999942e-01 8.708431881273005493e-01 8.708431881273017705e-01 2.397554029049077329e+00 2.397554029049077773e+00 3.923922189578821218e+00 3.923922189578825215e+00
1.300000000000000000e+02 -3.918395884574066734e+00 -3.918395884574066734e+00 -2.399178958394220462e+00 -2.399178958394220018e+00 -8.993962308312177800e-01 -8.993962308312164478e-01 8.993962308312165588e-01 8.993962308312175580e-01 2.399178958394218242e+00 2.399178958394219574e+00 3.918395884574066734e+00 3.918395884574067622e+00
1.310000000000000000e+02 -3.912682618503346532e+00 -3.912682618503344756e+00 -2.400888420261638956e+00 -2.400888420261638512e+00 -9.277911917613427262e-01 -9.277911917613409498e-01 9.277911917613405057e-01 9.277911917613406168e-01 2.400888420261639400e+00 2.400888420261639844e+00 3.912682618503345644e+00 3.912682618503347864e+00
1.320000000000000000e+02 -3.906782567768067427e+00 -3.906782567768065650e+00 -2.402685760062919673e+00 -2.402685760062919673e+00 -9.560213012560312418e-01 -9.560213012560303536e-01 9.560213012560302426e-01 9.560213012560320189e-01 2.402685760062918785e+00 2.402685760062920561e+00 3.906782567768063874e+00 3.906782567768067427e+00
1.330000000000000000e+02 -3.900695937795567669e+00 -3.900695937795566781e+00 -2.404574508272499411e+00 -2.404574508272498079e+00 -9.840796028984061250e-01 -9.840796028984052368e-01 9.840796028984042376e-01 9.840796028984059030e-01 2.404574508272498523e+00 2.404574508272499411e+00 3.900695937795566337e+00 3.900695937795568113e+00
1.340000000000000000e+02 -3.894422965442812412e+00 -3.894422965442811080e+00 -2.406558389378163021e+00 -2.406558389378162133e+00 -1.011958941447706595e+00 -1.011958941447705707e+00 1.011958941447706151e+00 1.011958941447707483e+00 2.406558389378161245e+00 2.406558389378162133e+00 3.894422965442811524e+00 3.894422965442814188e+00
1.350000000000000000e+02 -3.887963921520200206e+00 -3.887963921520198873e+00 -2.408641331164477872e+00 -2.408641331164477428e+00 -1.039651950374683276e+00 -1.039651950374681944e+00 1.039651950374683276e+00 1.039651950374683720e+00 2.408641331164476540e+00 2.408641331164478760e+00 3.887963921520198873e+00 3.887963921520201982e+00
1.360000000000000000e+02 -3.881319113444503976e+00 -3.881319113444503976e+00 -2.410827474263256942e+00 -2.410827474263256498e+00 -1.067151039059911266e+00 -1.067151039059911266e+00 1.067151039059911932e+00 1.067151039059911932e+00 2.410827474263256054e+00 2.410827474263256942e+00 3.881319113444503088e+00 3.881319113444504421e+00
1.370000000000000000e+02 -3.874488888031252909e+00 -3.874488888031251577e+00 -2.413121181884328337e+00 -2.413121181884328337e+00 -1.094448379733341081e+00 -1.094448379733340637e+00 1.094448379733341303e+00 1.094448379733341969e+00 2.413121181884326560e+00 2.413121181884329225e+00 3.874488888031252465e+00 3.874488888031253353e+00
1.380000000000000000e+02 -3.867473634438277408e+00 -3.867473634438276076e+00 -2.415527049615496136e+00 -2.415527049615494359e+00 -1.121535894256483923e+00 -1.121535894256483479e+00 1.121535894256481480e+00 1.121535894256482591e+00 2.415527049615495692e+00 2.415527049615498356e+00 3.867473634438277408e+00 3.867473634438278296e+00
1.390000000000000000e+02 -3.860273787273791335e+00 -3.860273787273790891e+00 -2.418049915151812002e+00 -2.418049915151811113e+00 -1.148405240875578714e+00 -1.148405240875577382e+00 1.148405240875578270e+00 1.148405240875580047e+00 2.418049915151810669e+00 2.418049915151810669e+00 3.860273787273790003e+00 3.860273787273792667e+00
1.400000000000000000e+02 -3.852889829884187378e+00 -3.852889829884185158e+00 -2.420694867781036486e+00 -2.420694867781035153e+00 -1.175047801105507661e+00 -1.175047801105507661e+00 1.175047801105506107e+00 1.175047801105508105e+00 2.420694867781033821e+00 2.420694867781035597e+00 3.852889829884187378e+00 3.852889829884188266e+00
1.410000000000000000e+02 -3.845322297838821957e+00 -3.845322297838820180e+00 -2.423467257413793430e+00 -2.423467257413792542e+00 -1.201454666940388938e+00 -1.201454666940387606e+00 1.201454666940388716e+00 1.201454666940390048e+00 2.423467257413790321e+00 2.423467257413792098e+00 3.845322297838820624e+00 3.845322297838820624e+00
1.420000000000000000e+02 -3.837571782631430395e+00 -3.837571782631430395e+00 -2.426372702903137224e+00 -2.426372702903137224e+00 -1.227616628628110940e+00 -1.227616628628110051e+00 1.227616628628110496e+00 1.227616628628111162e+00 2.426372702903136336e+00 2.426372702903136336e+00 3.837571782631428619e+00 3.837571782631430395e+00
1.430000000000000000e+02 -3.829638935620471418e+00 -3.829638935620470530e+00 -2.429417099348806008e+00 -2.429417099348804676e+00 -1.253524163292695004e+00 -1.253524163292693672e+00 1.253524163292694338e+00 1.253524163292695448e+00 2.429417099348804676e+00 2.429417099348806897e+00 3.829638935620470086e+00 3.829638935620472306e+00
1.440000000000000000e+02 -3.821524472233726488e+00 -3.821524472233725156e+00 -2.432606624026195874e+00 -2.432606624026194986e+00 -1.279167424740374148e+00 -1.279167424740372372e+00 1.279167424740373038e+00 1.279167424740374370e+00 2.432606624026196762e+00 2.432606624026198983e+00 3.821524472233723380e+00 3.821524472233725156e+00
1.450000000000000000e+02 -3.813229176466016668e+00 -3.813229176466014003e+00 -2.435947740519193161e+00 -2.435947740519192273e+00 -1.304536234842623044e+00 -1.304536234842622600e+00 1.304536234842623932e+00 1.304536234842624376e+00 2.435947740519191829e+00 2.435947740519191829e+00 3.813229176466016224e+00 3.813229176466016224e+00
1.460000000000000000e+02 -3.804753905702815686e+00 -3.804753905702815242e+00 -2.439447200569873075e+00 -2.439447200569872187e+00 -1.329620076951213203e+00 -1.329620076951212981e+00 1.329620076951212537e+00 1.329620076951213870e+00 2.439447200569872187e+00 2.439447200569872631e+00 3.804753905702816574e+00 3.804753905702817462e+00
1.470000000000000000e+02 -3.796099595907101332e+00 -3.796099595907099555e+00 -2.443112043087646068e+00 -2.443112043087645180e+00 -1.354408091866134534e+00 -1.354408091866133423e+00 1.354408091866133867e+00 1.354408091866134090e+00 2.443112043087642959e+00 2.443112043087644736e+00 3.796099595907100444e+00 3.796099595907103108e+00
1.480000000000000000e+02 -3.787267267212012456e+00 -3.787267267212012456e+00 -2.446949589687036131e+00 -2.446949589687035242e+00 -1.378889076945153835e+00 -1.378889076945152947e+00 1.378889076945153613e+00 1.378889076945154057e+00 2.446949589687032578e+00 2.446949589687033022e+00 3.787267267212012456e+00 3.787267267212016009e+00
1.490000000000000000e+02 -3.778258029967892284e+00 -3.778258029967890952e+00 -2.450967436049076742e+00 -2.450967436049075410e+00 -1.403051489011739594e+00 -1.403051489011738928e+00 1.403051489011739594e+00 1.403051489011742259e+00 2.450967436049075410e+00 2.450967436049075410e+00 3.778258029967891396e+00 3.778258029967891396e+00
1.500000000000000000e+02 -3.769073091299206535e+00 -3.769073091299206535e+00 -2.455173438329170565e+00 -2.455173438329170121e+00 -1.426883451783045320e+00 -1.426883451783044432e+00 1.426883451783045764e+00 1.426883451783047763e+00 2.455173438329167901e+00 2.455173438329168789e+00 3.769073091299206535e+00 3.769073091299209199e+00
1.510000000000000000e+02 -3.759713762234880630e+00 -3.759713762234880630e+00 -2.459575693768036864e+00 -2.459575693768035531e+00 -1.450372768597608886e+00 -1.450372768597607775e+00 1.450372768597607553e+00 1.450372768597609552e+00 2.459575693768035087e+00 2.459575693768036864e+00 3.759713762234881074e+00 3.759713762234881518e+00
1.520000000000000000e+02 -3.750181465484811127e+00 -3.750181465484810239e+00 -2.464182514607014873e+00 -2.464182514607013541e+00 -1.473506941268268422e+00 -1.473506941268266202e+00 1.473506941268267534e+00 1.473506941268269310e+00 2.464182514607013985e+00 2.464182514607014873e+00 3.750181465484808463e+00 3.750181465484812016e+00
1.530000000000000000e+02 -3.740477743946169387e+00 -3.740477743946168943e+00 -2.469002394370352960e+00 -2.469002394370351627e+00 -1.496273195913335963e+00 -1.496273195913335741e+00 1.496273195913336185e+00 1.496273195913336629e+00 2.469002394370351627e+00 2.469002394370352516e+00 3.740477743946167166e+00 3.740477743946168943e+00
1.540000000000000000e+02 -3.730604270035651648e+00 -3.730604270035651204e+00 -2.474043965562433556e+00 -2.474043965562432668e+00 -1.518658516620962962e+00 -1.518658516620962295e+00 1.518658516620963850e+00 1.518658516620964072e+00 2.474043965562430447e+00 2.474043965562432223e+00 3.730604270035650760e+00 3.730604270035652537e+00
1.550000000000000000e+02 -3.720562855958476689e+00 -3.720562855958476689e+00 -2.479315947844924040e+00 -2.479315947844923596e+00 -1.540649687769606757e+00 -1.540649687769606091e+00 1.540649687769607201e+00 1.540649687769607867e+00 2.479315947844919599e+00 2.479315947844920487e+00 3.720562855958477577e+00 3.720562855958479354e+00
1.560000000000000000e+02 -3.710355465042166401e+00 -3.710355465042166401e+00 -2.484827085816214698e+00 -2.484827085816212922e+00 -1.562233345752744196e+00 -1.562233345752743752e+00 1.562233345752743308e+00 1.562233345752743308e+00 2.484827085816213810e+00 2.484827085816213810e+00 3.710355465042165068e+00 3.710355465042167289e+00
1.570000000000000000e+02 -3.699984224283263234e+00 -3.699984224283262346e+00 -2.490586075621767037e+00 -2.490586075621765261e+00 -1.583396040729205145e+00 -1.583396040729204035e+00 1.583396040729206034e+00 1.583396040729206034e+00 2.490586075621764373e+00 2.490586075621765261e+00 3.699984224283261014e+00 3.699984224283261902e+00
1.580000000000000000e+02 -3.689451438278923856e+00 -3.689451438278923412e+00 -2.496601479786847655e+00 -2.496601479786847211e+00 -1.604124308833725809e+00 -1.604124308833725587e+00 1.604124308833724255e+00 1.604124308833725809e+00 2.496601479786844546e+00 2.496601479786846323e+00 3.689451438278923412e+00 3.689451438278924300e+00
1.590000000000000000e+02 -3.678759604743286449e+00 -3.678759604743285561e+00 -2.502881629888724202e+00 -2.502881629888722870e+00 -1.624404755028393987e+00 -1.624404755028393543e+00 1.624404755028393765e+00 1.624404755028394876e+00 2.502881629888722870e+00 2.502881629888722870e+00 3.678759604743286893e+00 3.678759604743287781e+00
1.600000000000000000e+02 -3.667911431841693215e+00 -3.667911431841692327e+00 -2.509434516976400964e+00 -2.509434516976399188e+00 -1.644224146451262358e+00 -1.644224146451261914e+00 1.644224146451261692e+00 1.644224146451261692e+00 2.509434516976398299e+00 2.509434516976398744e+00 3.667911431841693215e+00 3.667911431841693659e+00
1.610000000000000000e+02 -3.656909857615108450e+00 -3.656909857615108450e+00 -2.516267670001195889e+00 -2.516267670001195444e+00 -1.663569515723690717e+00 -1.663569515723690273e+00 1.663569515723691161e+00 1.663569515723691605e+00 2.516267670001194112e+00 2.516267670001196777e+00 3.656909857615108450e+00 3.656909857615108894e+00
1.620000000000000000e+02 -3.645758071813870238e+00 -3.645758071813869350e+00 -2.523388022932743890e+00 -2.523388022932743002e+00 -1.682428273219639170e+00 -1.682428273219638504e+00 1.682428273219637394e+00 1.682428273219638282e+00 2.523388022932740782e+00 2.523388022932741670e+00 3.645758071813870238e+00 3.645758071813872903e+00
1.630000000000000000e+02 -3.634459540515581732e+00 -3.634459540515580400e+00 -2.530801771687837487e+00 -2.530801771687836155e+00 -1.700788326791388583e+00 -1.700788326791388139e+00 1.700788326791388139e+00 1.700788326791388361e+00 2.530801771687835711e+00 2.530801771687836155e+00 3.634459540515581732e+00 3.634459540515582177e+00
1.640000000000000000e+02 -3.623018033968543161e+00 -3.623018033968542273e+00 -2.538514222470371173e+00 -2.538514222470370285e+00 -1.718638206908538413e+00 -1.718638206908537747e+00 1.718638206908538413e+00 1.718638206908539079e+00 2.538514222470369841e+00 2.538514222470370729e+00 3.623018033968543161e+00 3.623018033968543161e+00
1.650000000000000000e+02 -3.611437658181950283e+00 -3.611437658181950283e+00 -2.546529633577760965e+00 -2.546529633577760521e+00 -1.735967194629967958e+00 -1.735967194629967292e+00 1.735967194629968402e+00 1.735967194629968846e+00 2.546529633577758300e+00 2.546529633577759189e+00 3.611437658181950283e+00 3.611437658181951615e+00
1.660000000000000000e+02 -3.599722890879729409e+00 -3.599722890879728077e+00 -2.554851053133243344e+00 -2.554851053133241123e+00 -1.752765449328559599e+00 -1.752765449328559155e+00 1.752765449328560265e+00 1.752765449328560710e+00 2.554851053133238903e+00 2.554851053133241123e+00 3.599722890879728521e+00 3.599722890879729853e+00
1.670000000000000000e+02 -3.587878622550162433e+00 -3.587878622550161545e+00 -2.563480155508907732e+00 -2.563480155508906844e+00 -1.769024132667610383e+00 -1.769024132667609939e+00 1.769024132667609273e+00 1.769024132667609939e+00 2.563480155508905955e+00 2.563480155508907288e+00 3.587878622550162433e+00 3.587878622550162433e+00
1.680000000000000000e+02 -3.575910203462208781e+00 -3.575910203462207892e+00 -2.572417079363547909e+00 -2.572417079363546577e+00 -1.784735525029688352e+00 -1.784735525029687020e+00 1.784735525029688352e+00 1.784735525029688574e+00 2.572417079363546133e+00 2.572417079363548353e+00 3.575910203462208337e+00 3.575910203462208781e+00
1.690000000000000000e+02 -3.563823497686974040e+00 -3.563823497686973152e+00 -2.581660270186119099e+00 -2.581660270186117767e+00 -1.799893130464259361e+00 -1.799893130464258251e+00 1.799893130464260249e+00 1.799893130464260693e+00 2.581660270186117323e+00 2.581660270186117323e+00 3.563823497686973596e+00 3.563823497686974484e+00
1.700000000000000000e+02 -3.551624945365188246e+00 -3.551624945365187358e+00 -2.591206329970496380e+00 -2.591206329970495048e+00 -1.814491766283021112e+00 -1.814491766283019336e+00 1.814491766283020002e+00 1.814491766283021779e+00 2.591206329970493716e+00 2.591206329970495492e+00 3.551624945365187358e+00 3.551624945365188690e+00
1.710000000000000000e+02 -3.539321634706308561e+00 -3.539321634706308117e+00 -2.601049876122332183e+00 -2.601049876122330851e+00 -1.828527633711859446e+00 -1.828527633711859446e+00 1.828527633711858780e+00 1.828527633711859446e+00 2.601049876122329074e+00 2.601049876122331295e+00 3.539321634706307673e+00 3.539321634706309005e+00
1.720000000000000000e+02 -3.526921385500711548e+00 -3.526921385500710215e+00 -2.611183410902260249e+00 -2.611183410902258029e+00 -1.841998366508946106e+00 -1.841998366508944773e+00 1.841998366508945217e+00 1.841998366508946328e+00 2.611183410902255364e+00 2.611183410902262025e+00 3.526921385500709771e+00 3.526921385500711548e+00
1.730000000000000000e+02 -3.514432846283845002e+00 -3.514432846283844114e+00 -2.621597201647705599e+00 -2.621597201647704711e+00 -1.854903055163027892e+00 -1.854903055163027004e+00 1.854903055163028558e+00 1.854903055163028558e+00 2.621597201647703379e+00 2.621597201647704267e+00 3.514432846283845446e+00 3.514432846283845890e+00
1.740000000000000000e+02 -3.501865607721998952e+00 -3.501865607721998064e+00 -2.632279170713041960e+00 -2.632279170713040184e+00 -1.867242245157612945e+00 -1.867242245157612057e+00 1.867242245157612945e+00 1.867242245157613834e+00 2.632279170713038408e+00 2.632279170713041516e+00 3.501865607721997620e+00 3.501865607721999840e+00
1.750000000000000000e+02 -3.489230335306660269e+00 -3.489230335306659825e+00 -2.643214792565990567e+00 -2.643214792565988347e+00 -1.879017908771189349e+00 -1.879017908771189349e+00 1.879017908771189793e+00 1.879017908771190903e+00 2.643214792565988347e+00 2.643214792565990123e+00 3.489230335306658048e+00 3.489230335306658937e+00
1.760000000000000000e+02 -3.476538925062271801e+00 -3.476538925062271801e+00 -2.654386993830361252e+00 -2.654386993830360808e+00 -1.890233390913642841e+00 -1.890233390913642841e+00 1.890233390913642619e+00 1.890233390913642841e+00 2.654386993830359920e+00 2.654386993830360364e+00 3.476538925062270025e+00 3.476538925062272245e+00
1.770000000000000000e+02 -3.463804686703185531e+00 -3.463804686703184643e+00 -2.665776050330975089e+00 -2.665776050330973757e+00 -1.900893330502237522e+00 -1.900893330502237522e+00 1.900893330502238632e+00 1.900893330502239964e+00 2.665776050330971536e+00 2.665776050330974645e+00 3.463804686703184643e+00 3.463804686703187752e+00
1.780000000000000000e+02 -3.451042559529382547e+00 -3.451042559529382547e+00 -2.677359473436980775e+00 -2.677359473436979442e+00 -1.911003559786362604e+00 -1.911003559786362160e+00 1.911003559786362160e+00 1.911003559786362604e+00 2.677359473436977666e+00 2.677359473436981219e+00 3.451042559529382103e+00 3.451042559529382991e+00
1.790000000000000000e+02 -3.438269367327382309e+00 -3.438269367327380532e+00 -2.689111876274560053e+00 -2.689111876274560053e+00 -1.920570984778732448e+00 -1.920570984778732448e+00 1.920570984778732448e+00 1.920570984778732448e+00 2.689111876274558277e+00 2.689111876274559165e+00 3.438269367327381865e+00 3.438269367327382753e+00
1.800000000000000000e+02 -3.425504119625868871e+00 -3.425504119625868427e+00 -2.701004808750062214e+00 -2.701004808750060882e+00 -1.929603450497547001e+00 -1.929603450497546113e+00 1.929603450497547223e+00 1.929603450497547446e+00 2.701004808750060882e+00 2.701004808750061770e+00 3.425504119625867983e+00 3.425504119625870203e+00
1.810000000000000000e+02 -3.412768367795418811e+00 -3.412768367795417035e+00 -2.713006548863728273e+00 -2.713006548863726053e+00 -1.938109595045199418e+00 -1.938109595045197642e+00 1.938109595045198530e+00 1.938109595045200084e+00 2.713006548863726941e+00 2.713006548863727385e+00 3.412768367795416591e+00 3.412768367795417923e+00
1.820000000000000000e+02 -3.400086625572365406e+00 -3.400086625572364074e+00 -2.725081836611566111e+00 -2.725081836611565667e+00 -1.946098696641229475e+00 -1.946098696641229031e+00 1.946098696641228587e+00 1.946098696641231030e+00 2.725081836611563890e+00 2.725081836611564778e+00 3.400086625572365406e+00 3.400086625572365850e+00
1.830000000000000000e+02 -3.387486864426366484e+00 -3.387486864426365596e+00 -2.737191536054265129e+00 -2.737191536054265129e+00 -1.953580517606389177e+00 -1.953580517606388289e+00 1.953580517606388067e+00 1.953580517606389400e+00 2.737191536054263352e+00 2.737191536054265129e+00 3.387486864426365152e+00 3.387486864426367372e+00
1.840000000000000000e+02 -3.375001094421562264e+00 -3.375001094421561376e+00 -2.749292211204086733e+00 -2.749292211204084513e+00 -1.960565148992388984e+00 -1.960565148992388096e+00 1.960565148992389872e+00 1.960565148992390316e+00 2.749292211204083181e+00 2.749292211204084957e+00 3.375001094421562264e+00 3.375001094421563153e+00
1.850000000000000000e+02 -3.362666040236767184e+00 -3.362666040236765852e+00 -2.761335602807295952e+00 -2.761335602807294176e+00 -1.967062859110033646e+00 -1.967062859110033646e+00 1.967062859110032313e+00 1.967062859110033646e+00 2.761335602807294176e+00 2.761335602807295508e+00 3.362666040236767184e+00 3.362666040236767184e+00
1.860000000000000000e+02 -3.350523918826698200e+00 -3.350523918826697756e+00 -2.773267996817979419e+00 -2.773267996817977643e+00 -1.973083948673498123e+00 -1.973083948673498123e+00 1.973083948673497678e+00 1.973083948673499011e+00 2.773267996817977199e+00 2.773267996817978531e+00 3.350523918826698200e+00 3.350523918826699976e+00
1.870000000000000000e+02 -3.338623318289346109e+00 -3.338623318289345665e+00 -2.785029482857899197e+00 -2.785029482857898753e+00 -1.978638614696964559e+00 -1.978638614696964115e+00 1.978638614696963227e+00 1.978638614696964115e+00 2.785029482857898309e+00 2.785029482857899641e+00 3.338623318289345665e+00 3.338623318289346553e+00
1.880000000000000000e+02 -3.327020164568908811e+00 -3.327020164568908367e+00 -2.796553114479155777e+00 -2.796553114479154889e+00 -1.983736824693458800e+00 -1.983736824693458356e+00 1.983736824693457468e+00 1.983736824693458800e+00 2.796553114479155777e+00 2.796553114479158442e+00 3.327020164568908367e+00 3.327020164568909699e+00
1.890000000000000000e+02 -3.315778740475523900e+00 -3.315778740475521680e+00 -2.807764005751250735e+00 -2.807764005751249847e+00 -1.988388202169336427e+00 -1.988388202169334651e+00 1.988388202169334651e+00 1.988388202169337093e+00 2.807764005751250291e+00 2.807764005751250735e+00 3.315778740475523012e+00 3.315778740475523456e+00
1.900000000000000000e+02 -3.304972686088926803e+00 -3.304972686088926359e+00 -2.818578434608832062e+00 -2.818578434608831618e+00 -1.992601923907451278e+00 -1.992601923907449946e+00 1.992601923907450168e+00 1.992601923907452832e+00 2.818578434608828953e+00 2.818578434608831174e+00 3.304972686088926359e+00 3.304972686088927247e+00
1.910000000000000000e+02 -3.294685856634963717e+00 -3.294685856634962828e+00 -2.828903076802000705e+00 -2.828903076801998928e+00 -1.996386629104881516e+00 -1.996386629104880628e+00 1.996386629104880184e+00 1.996386629104881294e+00 2.828903076801999372e+00 2.828903076802000705e+00 3.294685856634962384e+00 3.294685856634963717e+00
1.920000000000000000e+02 -3.285012840645655796e+00 -3.285012840645655796e+00 -2.838634567914438467e+00 -2.838634567914437579e+00 -1.999750340086153155e+00 -1.999750340086153155e+00 1.999750340086151379e+00 1.999750340086152045e+00 2.838634567914437579e+00 2.838634567914438911e+00 3.285012840645655352e+00 3.285012840645657572e+00
1.930000000000000000e+02 -3.276058850339118145e+00 -3.276058850339115924e+00 -2.847659682049710206e+00 -2.847659682049709762e+00 -2.002700394052426613e+00 -2.002700394052425725e+00 2.002700394052426169e+00 2.002700394052427502e+00 2.847659682049709318e+00 2.847659682049712426e+00 3.276058850339116368e+00 3.276058850339116812e+00
1.940000000000000000e+02 -3.267938602471028187e+00 -3.267938602471027298e+00 -2.855856509650104957e+00 -2.855856509650103181e+00 -2.005243385147975843e+00 -2.005243385147974955e+00 2.005243385147974955e+00 2.005243385147975399e+00 2.855856509650104513e+00 2.855856509650104957e+00 3.267938602471028187e+00 3.267938602471028631e+00
1.950000000000000000e+02 -3.260773746875264667e+00 -3.260773746875264223e+00 -2.863097078051342503e+00 -2.863097078051342059e+00 -2.007385116020633298e+00 -2.007385116020631521e+00 2.007385116020628413e+00 2.007385116020630189e+00 2.863097078051343836e+00 2.863097078051345168e+00 3.260773746875263779e+00 3.260773746875265111e+00
1.960000000000000000e+02 -3.254688433334075537e+00 -3.254688433334074649e+00 -2.869251824992936406e+00 -2.869251824992935518e+00 -2.009130558013926482e+00 -2.009130558013926482e+00 2.009130558013925594e+00 2.009130558013927814e+00 2.869251824992934186e+00 2.869251824992935518e+00 3.254688433334074649e+00 3.254688433334075981e+00
1.970000000000000000e+02 -3.249802814781181493e+00 -3.249802814781181493e+00 -2.874196127924732114e+00 -2.874196127924731226e+00 -2.010483819145199913e+00 -2.010483819145199025e+00 2.010483819145199025e+00 2.010483819145199025e+00 2.874196127924729449e+00 2.874196127924733002e+00 3.249802814781180604e+00 3.249802814781181048e+00
1.980000000000000000e+02 -3.246224724994320798e+00 -3.246224724994319022e+00 -2.877818651734924238e+00 -2.877818651734922906e+00 -2.011448119086226782e+00 -2.011448119086225894e+00 2.011448119086225894e+00 2.011448119086228115e+00 2.877818651734922462e+00 2.877818651734923794e+00 3.246224724994320354e+00 3.246224724994320798e+00
1.990000000000000000e+02 -3.244040408868487990e+00 -3.244040408868487546e+00 -2.880030637492064560e+00 -2.880030637492063228e+00 -2.012025770461393304e+00 -2.012025770461392415e+00 2.012025770461391527e+00 2.012025770461391971e+00 2.880030637492064560e+00 2.880030637492065448e+00 3.244040408868487546e+00 3.244040408868489322e+00
2.000000000000000000e+02 -3.243305830697225112e+00 -3.243305830697222891e+00 -2.880774607331556325e+00 -2.880774607331555881e+00 -2.012218165904469558e+00 -2.012218165904468670e+00 2.012218165904468226e+00 2.012218165904470002e+00 2.880774607331555437e+00 2.880774607331556769e+00 3.243305830697224668e+00 3.243305830697225112e+00
2.010000000000000000e+02 -3.242940031467621775e+00 -3.242940031467620887e+00 -2.880615043430851951e+00 -2.880615043430851507e+00 -2.013109143579085103e+00 -2.013109143579083327e+00 2.013109143579081994e+00 2.013109143579084659e+00 2.880615043430850619e+00 2.880615043430853284e+00 3.242940031467620887e+00 3.242940031467622664e+00
2.020000000000000000e+02 -3.241843350283962977e+00 -3.241843350283961200e+00 -2.880136141380269965e+00 -2.880136141380267301e+00 -2.015777883290221784e+00 -2.015777883290221784e+00 2.015777883290220007e+00 2.015777883290221340e+00 2.880136141380266857e+00 2.880136141380270409e+00 3.241843350283960756e+00 3.241843350283962977e+00
2.030000000000000000e+02 -3.240017943131200173e+00 -3.240017943131199729e+00 -2.879337267065932959e+00 -2.879337267065932959e+00 -2.020211860037953944e+00 -2.020211860037952167e+00 2.020211860037952167e+00 2.020211860037953056e+00 2.879337267065932959e+00 2.879337267065934736e+00 3.240017943131199285e+00 3.240017943131200173e+00
2.040000000000000000e+02 -3.237467425138186083e+00 -3.237467425138184751e+00 -2.878217353299565406e+00 -2.878217353299565406e+00 -2.026390379764447136e+00 -2.026390379764447136e+00 2.026390379764446692e+00 2.026390379764447580e+00 2.878217353299566295e+00 2.878217353299566295e+00 3.237467425138184307e+00 3.237467425138184751e+00
2.050000000000000000e+02 -3.234196904215216328e+00 -3.234196904215214996e+00 -2.876774883955734108e+00 -2.876774883955733664e+00 -2.034284843237322171e+00 -2.034284843237320395e+00 2.034284843237320395e+00 2.034284843237321283e+00 2.876774883955734996e+00 2.876774883955735884e+00 3.234196904215215440e+00 3.234196904215215884e+00
2.060000000000000000e+02 -3.230213030003777686e+00 -3.230213030003776797e+00 -2.875007871024752415e+00 -2.875007871024752415e+00 -2.043859100841054044e+00 -2.043859100841054044e+00 2.043859100841053156e+00 2.043859100841054044e+00 2.875007871024752859e+00 2.875007871024753747e+00 3.230213030003776797e+00 3.230213030003777686e+00
2.070000000000000000e+02 -3.225524060100681378e+00 -3.225524060100680490e+00 -2.872913823821082957e+00 -2.872913823821082957e+00 -2.055069884549771686e+00 -2.055069884549771686e+00 2.055069884549771242e+00 2.055069884549773018e+00 2.872913823821080737e+00 2.872913823821083401e+00 3.225524060100681378e+00 3.225524060100681822e+00
2.080000000000000000e+02 -3.220139946236583839e+00 -3.220139946236583839e+00 -2.870489709341428330e+00 -2.870489709341427442e+00 -2.067867300627939997e+00 -2.067867300627939997e+00 2.067867300627939109e+00 2.067867300627939553e+00 2.870489709341428330e+00 2.870489709341428775e+00 3.220139946236583395e+00 3.220139946236584727e+00
2.090000000000000000e+02 -3.214072443937248558e+00 -3.214072443937247670e+00 -2.867731902502724139e+00 -2.867731902502723695e+00 -2.082195364585485819e+00 -2.082195364585484043e+00 2.082195364585484043e+00 2.082195364585484043e+00 2.867731902502723695e+00 2.867731902502724584e+00 3.214072443937248114e+00 3.214072443937249002e+00
2.100000000000000000e+02 -3.207335250219639722e+00 -3.207335250219638834e+00 -2.864636124708396014e+00 -2.864636124708395570e+00 -2.097992558573480881e+00 -2.097992558573480881e+00 2.097992558573479549e+00 2.097992558573480437e+00 2.864636124708396014e+00 2.864636124708397791e+00 3.207335250219638834e+00 3.207335250219640166e+00
2.110000000000000000e+02 -3.199944175129516566e+00 -3.199944175129516566e+00 -2.861197368896410964e+00 -2.861197368896410076e+00 -2.115192390639755615e+00 -2.115192390639754727e+00 2.115192390639756059e+00 2.115192390639757392e+00 2.861197368896408300e+00 2.861197368896410076e+00 3.199944175129515678e+00 3.199944175129517454e+00
2.120000000000000000e+02 -3.191917354483575053e+00 -3.191917354483574609e+00 -2.857409808927533490e+00 -2.857409808927533046e+00 -2.133723934889163676e+00 -2.133723934889162788e+00 2.133723934889161455e+00 2.133723934889162344e+00 2.857409808927533490e+00 2.857409808927534822e+00 3.191917354483574165e+00 3.191917354483575053e+00
2.130000000000000000e+02 -3.183275513128688061e+00 -3.183275513128687173e+00 -2.853266690901185676e+00 -2.853266690901184788e+00 -2.153512331360553311e+00 -2.153512331360551979e+00 2.153512331360551535e+00 2.153512331360551535e+00 2.853266690901186564e+00 2.853266690901188785e+00 3.183275513128686729e+00 3.183275513128689393e+00
2.140000000000000000e+02 -3.174042290492802731e+00 -3.174042290492802287e+00 -2.848760203783501144e+00 -2.848760203783500256e+00 -2.174479224023794899e+00 -2.174479224023793567e+00 2.174479224023793122e+00 2.174479224023794899e+00 2.848760203783501144e+00 2.848760203783501144e+00 3.174042290492802287e+00 3.174042290492804064e+00
2.150000000000000000e+02 -3.164244643335038631e+00 -3.164244643335037743e+00 -2.843881326671694243e+00 -2.843881326671693799e+00 -2.196543114325485213e+00 -2.196543114325484769e+00 2.196543114325483437e+00 2.196543114325484325e+00 2.843881326671695131e+00 2.843881326671696019e+00 3.164244643335037743e+00 3.164244643335037743e+00
2.160000000000000000e+02 -3.153913344619109438e+00 -3.153913344619108106e+00 -2.838619650221076540e+00 -2.838619650221076096e+00 -2.219619605690071218e+00 -2.219619605690070330e+00 2.219619605690068997e+00 2.219619605690070774e+00 2.838619650221075208e+00 2.838619650221076540e+00 3.153913344619108550e+00 3.153913344619109438e+00
2.170000000000000000e+02 -3.143083602625500905e+00 -3.143083602625500461e+00 -2.832963170417805099e+00 -2.832963170417804655e+00 -2.243621510703441846e+00 -2.243621510703440514e+00 2.243621510703439625e+00 2.243621510703442290e+00 2.832963170417804211e+00 2.832963170417806431e+00 3.143083602625500905e+00 3.143083602625502238e+00
2.180000000000000000e+02 -3.131795831188609824e+00 -3.131795831188609824e+00 -2.826898054290101214e+00 -2.826898054290101214e+00 -2.268458786563737561e+00 -2.268458786563736673e+00 2.268458786563734009e+00 2.268458786563735785e+00 2.826898054290101658e+00 2.826898054290103435e+00 3.131795831188609380e+00 3.131795831188611157e+00
2.190000000000000000e+02 -3.120096610867982623e+00 -3.120096610867981735e+00 -2.820408379773094332e+00 -2.820408379773093444e+00 -2.294038254672398303e+00 -2.294038254672398303e+00 2.294038254672397414e+00 2.294038254672398303e+00 2.820408379773095220e+00 2.820408379773095220e+00 3.120096610867981290e+00 3.120096610867981290e+00
2.200000000000000000e+02 -3.108039892759757006e+00 -3.108039892759757006e+00 -2.813475856481617132e+00 -2.813475856481617132e+00 -2.320263045385951628e+00 -2.320263045385951184e+00 2.320263045385949408e+00 2.320263045385949852e+00 2.813475856481618464e+00 2.813475856481620685e+00 3.108039892759755674e+00 3.108039892759758782e+00
2.210000000000000000e+02 -3.095688512709017015e+00 -3.095688512709017015e+00 -2.806079541683721867e+00 -2.806079541683721423e+00 -2.347031686666975592e+00 -2.347031686666974704e+00 2.347031686666972927e+00 2.347031686666974704e+00 2.806079541683721423e+00 2.806079541683724532e+00 3.095688512709015683e+00 3.095688512709017903e+00
2.220000000000000000e+02 -3.083116105578600497e+00 -3.083116105578600052e+00 -2.798195578011817730e+00 -2.798195578011817730e+00 -2.374236722270843369e+00 -2.374236722270842481e+00 2.374236722270842481e+00 2.374236722270842925e+00 2.798195578011818618e+00 2.798195578011819951e+00 3.083116105578598720e+00 3.083116105578600941e+00
2.230000000000000000e+02 -3.070409539243090347e+00 -3.070409539243089903e+00 -2.789796999236584973e+00 -2.789796999236584973e+00 -2.401762696080174564e+00 -2.401762696080174120e+00 2.401762696080174120e+00 2.401762696080175008e+00 2.789796999236584529e+00 2.789796999236584973e+00 3.070409539243089014e+00 3.070409539243090791e+00
2.240000000000000000e+02 -3.057672028812980614e+00 -3.057672028812980169e+00 -2.780853682945489069e+00 -2.780853682945488625e+00 -2.429483266386536222e+00 -2.429483266386535334e+00 2.429483266386533558e+00 2.429483266386534002e+00 2.780853682945491290e+00 2.780853682945491290e+00 3.057672028812978837e+00 3.057672028812979725e+00
2.250000000000000000e+02 -3.045027145310770678e+00 -3.045027145310769789e+00 -2.771332584968388524e+00 -2.771332584968388524e+00 -2.457257104536595183e+00 -2.457257104536595183e+00 2.457257104536593406e+00 2.457257104536594294e+00 2.771332584968387192e+00 2.771332584968389412e+00 3.045027145310769789e+00 3.045027145310769789e+00
2.260000000000000000e+02 -3.032623997388598447e+00 -3.032623997388597559e+00 -2.761198495507978912e+00 -2.761198495507976247e+00 -2.484922063039595397e+00 -2.484922063039594065e+00 2.484922063039594065e+00 2.484922063039595841e+00 2.761198495507976691e+00 2.761198495507979356e+00 3.032623997388595338e+00 3.032623997388598891e+00
2.270000000000000000e+02 -3.020643923091396843e+00 -3.020643923091396843e+00 -2.750415780651884301e+00 -2.750415780651882969e+00 -2.512286816123733058e+00 -2.512286816123733058e+00 2.512286816123732613e+00 2.512286816123733058e+00 2.750415780651883413e+00 2.750415780651884301e+00 3.020643923091395955e+00 3.020643923091396399e+00
2.280000000000000000e+02 -3.009309025420950690e+00 -3.009309025420949801e+00 -2.738952127578198059e+00 -2.738952127578196283e+00 -2.539118624259445234e+00 -2.539118624259444346e+00 2.539118624259444346e+00 2.539118624259445678e+00 2.738952127578194506e+00 2.738952127578197615e+00 3.009309025420950690e+00 3.009309025420951578e+00
2.290000000000000000e+02 -2.998892672046364005e+00 -2.998892672046362229e+00 -2.726786935043727933e+00 -2.726786935043727045e+00 -2.565124464138252236e+00 -2.565124464138250904e+00 2.565124464138250460e+00 2.565124464138251348e+00 2.726786935043724380e+00 2.726786935043727045e+00 2.998892672046362229e+00 2.998892672046364449e+00
2.300000000000000000e+02 -2.989731317533849353e+00 -2.989731317533848465e+00 -2.713932700788366681e+00 -2.713932700788363128e+00 -2.589917817308295067e+00 -2.589917817308292847e+00 2.589917817308294623e+00 2.589917817308294623e+00 2.713932700788364905e+00 2.713932700788366681e+00 2.989731317533845800e+00 2.989731317533847577e+00
2.310000000000000000e+02 -2.982235055305729965e+00 -2.982235055305728189e+00 -2.700503043400451553e+00 -2.700503043400450220e+00 -2.612940075669962781e+00 -2.612940075669962781e+00 2.612940075669962781e+00 2.612940075669963225e+00 2.700503043400449332e+00 2.700503043400451109e+00 2.982235055305728633e+00 2.982235055305729521e+00
2.320000000000000000e+02 -2.976890319568634258e+00 -2.976890319568634258e+00 -2.687015487055508522e+00 -2.687015487055508078e+00 -2.633155017871303016e+00 -2.633155017871302128e+00 2.633155017871301240e+00 2.633155017871301240e+00 2.687015487055505858e+00 2.687015487055507190e+00 2.976890319568634258e+00 2.976890319568636034e+00
2.330000000000000000e+02 -2.974242111454346027e+00 -2.974242111454343807e+00 -2.676435237299918057e+00 -2.676435237299915837e+00 -2.647022756610679206e+00 -2.647022756610678762e+00 2.647022756610679650e+00 2.647022756610679650e+00 2.676435237299917613e+00 2.676435237299918057e+00 2.974242111454341586e+00 2.974242111454345139e+00
2.340000000000000000e+02 -2.974838857494230382e+00 -2.974838857494229050e+00 -2.678795644067262671e+00 -2.678795644067261783e+00 -2.643934354696839684e+00 -2.643934354696838795e+00 2.643934354696839684e+00 2.643934354696840128e+00 2.678795644067262671e+00 2.678795644067262671e+00 2.974838857494226829e+00 2.974838857494228606e+00
2.350000000000000000e+02 -2.979131562047310222e+00 -2.979131562047306669e+00 -2.688340215003898859e+00 -2.688340215003897971e+00 -2.629170587078682342e+00 -2.629170587078681454e+00 2.629170587078681010e+00 2.629170587078682786e+00 2.688340215003899303e+00 2.688340215003900191e+00 2.979131562047307114e+00 2.979131562047308890e+00
2.360000000000000000e+02 -2.987351097454516324e+00 -2.987351097454515880e+00 -2.696290831102355678e+00 -2.696290831102355234e+00 -2.611256354750126185e+00 -2.611256354750123965e+00 2.611256354750126629e+00 2.611256354750127961e+00 2.696290831102353014e+00 2.696290831102353458e+00 2.987351097454514104e+00 2.987351097454516768e+00
2.370000000000000000e+02 -2.999426343536966133e+00 -2.999426343536962580e+00 -2.701132662842771648e+00 -2.701132662842770760e+00 -2.591757542177727025e+00 -2.591757542177725249e+00 2.591757542177726581e+00 2.591757542177729245e+00 2.701132662842770316e+00 2.701132662842770760e+00 2.999426343536963024e+00 2.999426343536965689e+00
2.380000000000000000e+02 -3.015000015345381534e+00 -3.015000015345378426e+00 -2.702851869026119846e+00 -2.702851869026119402e+00 -2.571027398437207179e+00 -2.571027398437203182e+00 2.571027398437204958e+00 2.571027398437206735e+00 2.702851869026115850e+00 2.702851869026116738e+00 3.015000015345381090e+00 3.015000015345382867e+00
2.390000000000000000e+02 -3.033533296645727351e+00 -3.033533296645723354e+00 -2.701840854134505587e+00 -2.701840854134504699e+00 -2.549196549849912508e+00 -2.549196549849912063e+00 2.549196549849908067e+00 2.549196549849910731e+00 2.701840854134506920e+00 2.701840854134511360e+00 3.033533296645722466e+00 3.033533296645724242e+00
2.400000000000000000e+02 -3.054433505081350919e+00 -3.054433505081348255e+00 -2.698607005522866586e+00 -2.698607005522866142e+00 -2.526336497842678774e+00 -2.526336497842674778e+00 2.526336497842677886e+00 2.526336497842678774e+00 2.698607005522866142e+00 2.698607005522867031e+00 3.054433505081349143e+00 3.054433505081349587e+00
2.410000000000000000e+02 -3.077147164016810876e+00 -3.077147164016809544e+00 -2.693640198766958260e+00 -2.693640198766956040e+00 -2.502498939547247669e+00 -2.502498939547245449e+00 2.502498939547245449e+00 2.502498939547247225e+00 2.693640198766954263e+00 2.693640198766956928e+00 3.077147164016809544e+00 3.077147164016810432e+00
2.420000000000000000e+02 -3.101203721198575902e+00 -3.101203721198573682e+00 -2.687357331456199816e+00 -2.687357331456198928e+00 -2.477727411459634599e+00 -2.477727411459632822e+00 2.477727411459634599e+00 2.477727411459635043e+00 2.687357331456197596e+00 2.687357331456198484e+00 3.101203721198573238e+00 3.101203721198575014e+00
2.430000000000000000e+02 -3.126223495549964593e+00 -3.126223495549963260e+00 -2.680090559747732470e+00 -2.680090559747730694e+00 -2.452061001186047307e+00 -2.452061001186045974e+00 2.452061001186047307e+00 2.452061001186048639e+00 2.680090559747731138e+00 2.680090559747731138e+00 3.126223495549963260e+00 3.126223495549964149e+00
2.440000000000000000e+02 -3.151907988348204182e+00 -3.151907988348203737e+00 -2.672095753352953462e+00 -2.672095753352952574e+00 -2.425535475949011754e+00 -2.425535475949010866e+00 2.425535475949010866e+00 2.425535475949011754e+00 2.672095753352953018e+00 2.672095753352953462e+00 3.151907988348202849e+00 3.151907988348203737e+00
2.450000000000000000e+02 -3.178024742394399471e+00 -3.178024742394398139e+00 -2.663567253769001386e+00 -2.663567253769000942e+00 -2.398183559969958800e+00 -2.398183559969956580e+00 2.398183559969957024e+00 2.398183559969958800e+00 2.663567253768999610e+00 2.663567253769000054e+00 3.178024742394399027e+00 3.178024742394399915e+00
2.460000000000000000e+02 -3.204392623117618744e+00 -3.204392623117617411e+00 -2.654652446634550245e+00 -2.654652446634550245e+00 -2.370034976406374394e+00 -2.370034976406371729e+00 2.370034976406370841e+00 2.370034976406373506e+00 2.654652446634548912e+00 2.654652446634549801e+00 3.204392623117616523e+00 3.204392623117618299e+00
2.470000000000000000e+02 -3.230869566135011528e+00 -3.230869566135007531e+00 -2.645463884824511780e+00 -2.645463884824510448e+00 -2.341116473175218538e+00 -2.341116473175216761e+00 2.341116473175214541e+00 2.341116473175218093e+00 2.645463884824510004e+00 2.645463884824511780e+00 3.230869566135010640e+00 3.230869566135011528e+00
2.480000000000000000e+02 -3.257343060896078502e+00 -3.257343060896075393e+00 -2.636088625639414929e+00 -2.636088625639414929e+00 -2.311451900124923409e+00 -2.311451900124922965e+00 2.311451900124923409e+00 2.311451900124925629e+00 2.636088625639412708e+00 2.636088625639414040e+00 3.257343060896075393e+00 3.257343060896078057e+00
2.490000000000000000e+02 -3.283722996706308184e+00 -3.283722996706308184e+00 -2.626595147286836518e+00 -2.626595147286836074e+00 -2.281062346494227455e+00 -2.281062346494223014e+00 2.281062346494222126e+00 2.281062346494223902e+00 2.626595147286836074e+00 2.626595147286836962e+00 3.283722996706308628e+00 3.283722996706310404e+00
2.500000000000000000e+02 -3.309936358737584072e+00 -3.309936358737584072e+00 -2.617038368952941951e+00 -2.617038368952941507e+00 -2.249966327172912006e+00 -2.249966327172909786e+00 2.249966327172908453e+00 2.249966327172908898e+00 2.617038368952942395e+00 2.617038368952942839e+00 3.309936358737584072e+00 3.309936358737584960e+00
2.510000000000000000e+02 -3.335923308897856820e+00 -3.335923308897855488e+00 -2.607463256205918789e+00 -2.607463256205917457e+00 -2.218180001563421655e+00 -2.218180001563415882e+00 2.218180001563418546e+00 2.218180001563418990e+00 2.607463256205915236e+00 2.607463256205916569e+00 3.335923308897857709e+00 3.335923308897858153e+00
2.520000000000000000e+02 -3.361634281971286331e+00 -3.361634281971284555e+00 -2.597907396578398753e+00 -2.597907396578398309e+00 -2.185717410192892896e+00 -2.185717410192892007e+00 2.185717410192891119e+00 2.185717410192893340e+00 2.597907396578399641e+00 2.597907396578400974e+00 3.361634281971284111e+00 3.361634281971284999e+00
2.530000000000000000e+02 -3.387027820096772945e+00 -3.387027820096772057e+00 -2.588402834299703414e+00 -2.588402834299702526e+00 -2.152590717439549994e+00 -2.152590717439549106e+00 2.152590717439549106e+00 2.152590717439549994e+00 2.588402834299702526e+00 2.588402834299702970e+00 3.387027820096773389e+00 3.387027820096773389e+00
2.540000000000000000e+02 -3.412068943762666340e+00 -3.412068943762666340e+00 -2.578977374710254455e+00 -2.578977374710253567e+00 -2.118810452059630478e+00 -2.118810452059629590e+00 2.118810452059626925e+00 2.118810452059627814e+00 2.578977374710255344e+00 2.578977374710255344e+00 3.412068943762665452e+00 3.412068943762666340e+00
2.550000000000000000e+02 -3.436727914025619057e+00 -3.436727914025617281e+00 -2.569655509558919526e+00 -2.569655509558918194e+00 -2.084385739994224718e+00 -2.084385739994223830e+00 2.084385739994221609e+00 2.084385739994223385e+00 2.569655509558917306e+00 2.569655509558918638e+00 3.436727914025616837e+00 3.436727914025619501e+00
2.560000000000000000e+02 -3.460979281743272296e+00 -3.460979281743271851e+00 -2.560459071168796008e+00 -2.560459071168795564e+00 -2.049324526057029860e+00 -2.049324526057028972e+00 2.049324526057027640e+00 2.049324526057029416e+00 2.560459071168796896e+00 2.560459071168796896e+00 3.460979281743271851e+00 3.460979281743272296e+00
2.570000000000000000e+02 -3.484801148978842189e+00 -3.484801148978841745e+00 -2.551407692563744334e+00 -2.551407692563743446e+00 -2.013633782613338585e+00 -2.013633782613338141e+00 2.013633782613337253e+00 2.013633782613338141e+00 2.551407692563744334e+00 2.551407692563744778e+00 3.484801148978840857e+00 3.484801148978841745e+00
2.580000000000000000e+02 -3.508174588596794763e+00 -3.508174588596792987e+00 -2.542519128746932200e+00 -2.542519128746930424e+00 -1.977319704379778109e+00 -1.977319704379775667e+00 1.977319704379776999e+00 1.977319704379777221e+00 2.542519128746931756e+00 2.542519128746931756e+00 3.508174588596792987e+00 3.508174588596793875e+00
2.590000000000000000e+02 -3.531083182878306470e+00 -3.531083182878303806e+00 -2.533809478832007134e+00 -2.533809478832006690e+00 -1.940387889129878474e+00 -1.940387889129876919e+00 1.940387889129877141e+00 1.940387889129877363e+00 2.533809478832006690e+00 2.533809478832008022e+00 3.531083182878305138e+00 3.531083182878305138e+00
2.600000000000000000e+02 -3.553512652528498794e+00 -3.553512652528497906e+00 -2.525293337753000689e+00 -2.525293337752998912e+00 -1.902843504490370208e+00 -1.902843504490368431e+00 1.902843504490367987e+00 1.902843504490368209e+00 2.525293337753001133e+00 2.525293337753001133e+00 3.553512652528498794e+00 3.553512652528499682e+00
2.610000000000000000e+02 -3.575450554991116192e+00 -3.575450554991115304e+00 -2.516983898470726011e+00 -2.516983898470725123e+00 -1.864691441240730718e+00 -1.864691441240730274e+00 1.864691441240732495e+00 1.864691441240732717e+00 2.516983898470723791e+00 2.516983898470723791e+00 3.575450554991116192e+00 3.575450554991117080e+00
2.620000000000000000e+02 -3.596886036417393573e+00 -3.596886036417392685e+00 -2.508893020002987750e+00 -2.508893020002987306e+00 -1.825936453645390589e+00 -1.825936453645389701e+00 1.825936453645389701e+00 1.825936453645389923e+00 2.508893020002986862e+00 2.508893020002986862e+00 3.596886036417392685e+00 3.596886036417393129e+00
2.630000000000000000e+02 -3.617809625573483512e+00 -3.617809625573480847e+00 -2.501031272571784481e+00 -2.501031272571783148e+00 -1.786583287396666275e+00 -1.786583287396665609e+00 1.786583287396664943e+00 1.786583287396667385e+00 2.501031272571781816e+00 2.501031272571784481e+00 3.617809625573482624e+00 3.617809625573482624e+00
2.640000000000000000e+02 -3.638213060846449576e+00 -3.638213060846448244e+00 -2.493407968222659754e+00 -2.493407968222657534e+00 -1.746636795756262517e+00 -1.746636795756260518e+00 1.746636795756261629e+00 1.746636795756261851e+00 2.493407968222657978e+00 2.493407968222658422e+00 3.638213060846447799e+00 3.638213060846447799e+00
2.650000000000000000e+02 -3.658089143624968731e+00 -3.658089143624968287e+00 -2.486031183109637333e+00 -2.486031183109636888e+00 -1.706102044471990098e+00 -1.706102044471989210e+00 1.706102044471988100e+00 1.706102044471988322e+00 2.486031183109638221e+00 2.486031183109638221e+00 3.658089143624968287e+00 3.658089143624968287e+00
2.660000000000000000e+02 -3.677431612899677571e+00 -3.677431612899676239e+00 -2.478907776030353283e+00 -2.478907776030353283e+00 -1.664984406026405406e+00 -1.664984406026402519e+00 1.664984406026402963e+00 1.664984406026403407e+00 2.478907776030352839e+00 2.478907776030353727e+00 3.677431612899676239e+00 3.677431612899677571e+00
2.670000000000000000e+02 -3.696235037099794507e+00 -3.696235037099792287e+00 -2.472043406584511605e+00 -2.472043406584510716e+00 -1.623289643751365752e+00 -1.623289643751364864e+00 1.623289643751364641e+00 1.623289643751365086e+00 2.472043406584510716e+00 2.472043406584511160e+00 3.696235037099792731e+00 3.696235037099793619e+00
2.680000000000000000e+02 -3.714494720064162703e+00 -3.714494720064161815e+00 -2.465442555405298553e+00 -2.465442555405298553e+00 -1.581023986320863051e+00 -1.581023986320862829e+00 1.581023986320861496e+00 1.581023986320861496e+00 2.465442555405298997e+00 2.465442555405299885e+00 3.714494720064162703e+00 3.714494720064163591e+00
2.690000000000000000e+02 -3.732206618712630153e+00 -3.732206618712629709e+00 -2.459108548200923394e+00 -2.459108548200922506e+00 -1.538194193115175246e+00 -1.538194193115174357e+00 1.538194193115175024e+00 1.538194193115175690e+00 2.459108548200921618e+00 2.459108548200922062e+00 3.732206618712630153e+00 3.732206618712630597e+00
2.700000000000000000e+02 -3.749367270493107362e+00 -3.749367270493104698e+00 -2.453043584787723663e+00 -2.453043584787723219e+00 -1.494807610932787023e+00 -1.494807610932784581e+00 1.494807610932784803e+00 1.494807610932786357e+00 2.453043584787721887e+00 2.453043584787723663e+00 3.749367270493105586e+00 3.749367270493106474e+00
2.710000000000000000e+02 -3.765973729070773324e+00 -3.765973729070772436e+00 -2.447248773858661686e+00 -2.447248773858661686e+00 -1.450872222512158416e+00 -1.450872222512158194e+00 1.450872222512157972e+00 1.450872222512158416e+00 2.447248773858661242e+00 2.447248773858661242e+00 3.765973729070771991e+00 3.765973729070773768e+00
2.720000000000000000e+02 -3.782023507028228870e+00 -3.782023507028225318e+00 -2.441724173883661475e+00 -2.441724173883661475e+00 -1.406396687312858385e+00 -1.406396687312856164e+00 1.406396687312855942e+00 1.406396687312856830e+00 2.441724173883661475e+00 2.441724173883661919e+00 3.782023507028227538e+00 3.782023507028227538e+00
2.730000000000000000e+02 -3.797514524580265505e+00 -3.797514524580265061e+00 -2.436468840261505786e+00 -2.436468840261504898e+00 -1.361390374993891816e+00 -1.361390374993891594e+00 1.361390374993892260e+00 1.361390374993892483e+00 2.436468840261504898e+00 2.436468840261505342e+00 3.797514524580265505e+00 3.797514524580265949e+00
2.740000000000000000e+02 -3.812445063491049169e+00 -3.812445063491048725e+00 -2.431480878622091613e+00 -2.431480878622089836e+00 -1.315863392015885980e+00 -1.315863392015885536e+00 1.315863392015885536e+00 1.315863392015885536e+00 2.431480878622091168e+00 2.431480878622091168e+00 3.812445063491048280e+00 3.812445063491050945e+00
2.750000000000000000e+02 -3.826813725526028165e+00 -3.826813725526027277e+00 -2.426757504002176713e+00 -2.426757504002175825e+00 -1.269826601782347630e+00 -1.269826601782347630e+00 1.269826601782346298e+00 1.269826601782346520e+00 2.426757504002175381e+00 2.426757504002176713e+00 3.826813725526028165e+00 3.826813725526029497e+00
2.760000000000000000e+02 -3.840619394885661286e+00 -3.840619394885660398e+00 -2.422295105479299160e+00 -2.422295105479296495e+00 -1.223291638723476238e+00 -1.223291638723472907e+00 1.223291638723474462e+00 1.223291638723474906e+00 2.422295105479298716e+00 2.422295105479299160e+00 3.840619394885660842e+00 3.840619394885660842e+00
2.770000000000000000e+02 -3.853861204159236387e+00 -3.853861204159236387e+00 -2.418089315741116074e+00 -2.418089315741115630e+00 -1.176270916713432424e+00 -1.176270916713431758e+00 1.176270916713430870e+00 1.176270916713431758e+00 2.418089315741117851e+00 2.418089315741118295e+00 3.853861204159235498e+00 3.853861204159236387e+00
2.780000000000000000e+02 -3.866538503410389183e+00 -3.866538503410388294e+00 -2.414135084986235746e+00 -2.414135084986234858e+00 -1.128777632198719738e+00 -1.128777632198718850e+00 1.128777632198718850e+00 1.128777632198719294e+00 2.414135084986235746e+00 2.414135084986235746e+00 3.866538503410388294e+00 3.866538503410390071e+00
2.790000000000000000e+02 -3.878650832064847620e+00 -3.878650832064845844e+00 -2.410426758493719568e+00 -2.410426758493717792e+00 -1.080825762401310008e+00 -1.080825762401308676e+00 1.080825762401310453e+00 1.080825762401311785e+00 2.410426758493718680e+00 2.410426758493719124e+00 3.878650832064844511e+00 3.878650832064845400e+00
2.800000000000000000e+02 -3.890197893319012223e+00 -3.890197893319010447e+00 -2.406958157158876954e+00 -2.406958157158873846e+00 -1.032430058945450480e+00 -1.032430058945449813e+00 1.032430058945449147e+00 1.032430058945449813e+00 2.406958157158873846e+00 2.406958157158873846e+00 3.890197893319010447e+00 3.890197893319014444e+00
2.810000000000000000e+02 -3.901179530827224795e+00 -3.901179530827222131e+00 -2.403722660269552058e+00 -2.403722660269549394e+00 -9.836060372418908848e-01 -9.836060372418889974e-01 9.836060372418886644e-01 9.836060372418899966e-01 2.403722660269551614e+00 2.403722660269552502e+00 3.901179530827222575e+00 3.901179530827223907e+00
2.820000000000000000e+02 -3.911595707457816928e+00 -3.911595707457816928e+00 -2.400713289788107829e+00 -2.400713289788106497e+00 -9.343699619477711105e-01 -9.343699619477709994e-01 9.343699619477716656e-01 9.343699619477721097e-01 2.400713289788107385e+00 2.400713289788107829e+00 3.911595707457813820e+00 3.911595707457816040e+00
2.830000000000000000e+02 -3.921446485935137893e+00 -3.921446485935136117e+00 -2.397922795406833618e+00 -2.397922795406831842e+00 -8.847388288046833527e-01 -8.847388288046802440e-01 8.847388288046826865e-01 8.847388288046831306e-01 2.397922795406831842e+00 2.397922795406832730e+00 3.921446485935133897e+00 3.921446485935137449e+00
2.840000000000000000e+02 -3.930732011207052512e+00 -3.930732011207052068e+00 -2.395343739657578297e+00 -2.395343739657575632e+00 -8.347303431418187092e-01 -8.347303431418178210e-01 8.347303431418175990e-01 8.347303431418175990e-01 2.395343739657577409e+00 2.395343739657577853e+00 3.930732011207052956e+00 3.930732011207053400e+00
2.850000000000000000e+02 -3.939452494396701976e+00 -3.939452494396700200e+00 -2.392968582377370090e+00 -2.392968582377368314e+00 -7.843628953157427697e-01 -7.843628953157418815e-01 7.843628953157414374e-01 7.843628953157423256e-01 2.392968582377368758e+00 2.392968582377368758e+00 3.939452494396700644e+00 3.939452494396702420e+00
2.860000000000000000e+02 -3.947608198213381048e+00 -3.947608198213379271e+00 -2.390789763859809014e+00 -2.390789763859808126e+00 -7.336555333432929205e-01 -7.336555333432910331e-01 7.336555333432921433e-01 7.336555333432925874e-01 2.390789763859808126e+00 2.390789763859809014e+00 3.947608198213377939e+00 3.947608198213380604e+00
2.870000000000000000e+02 -3.955199423711626583e+00 -3.955199423711624807e+00 -2.388799786055301855e+00 -2.388799786055301855e+00 -6.826279329696957054e-01 -6.826279329696948173e-01 6.826279329696939291e-01 6.826279329696952614e-01 2.388799786055300078e+00 2.388799786055300967e+00 3.955199423711626139e+00 3.955199423711626583e+00
2.880000000000000000e+02 -3.962226498299699529e+00 -3.962226498299699085e+00 -2.386991291220577516e+00 -2.386991291220575295e+00 -6.313003654002773413e-01 -6.313003654002772302e-01 6.313003654002776743e-01 6.313003654002776743e-01 2.386991291220576628e+00 2.386991291220577072e+00 3.962226498299699529e+00 3.962226498299700417e+00
2.890000000000000000e+02 -3.968689764909478335e+00 -3.968689764909477002e+00 -2.385357137458242960e+00 -2.385357137458242960e+00 -5.796936629112803274e-01 -5.796936629112791062e-01 5.796936629112801054e-01 5.796936629112809936e-01 2.385357137458241183e+00 2.385357137458241628e+00 3.968689764909477447e+00 3.968689764909479223e+00
2.900000000000000000e+02 -3.974589572249302982e+00 -3.974589572249301206e+00 -2.383890470629347114e+00 -2.383890470629347114e+00 -5.278291825434719975e-01 -5.278291825434709983e-01 5.278291825434713314e-01 5.278291825434713314e-01 2.383890470629347558e+00 2.383890470629348446e+00 3.974589572249299874e+00 3.974589572249300762e+00
2.910000000000000000e+02 -3.979926266069966800e+00 -3.979926266069964136e+00 -2.382584792165286736e+00 -2.382584792165285847e+00 -4.757287680719154421e-01 -4.757287680719142209e-01 4.757287680719140543e-01 4.757287680719158307e-01 2.382584792165286292e+00 2.382584792165286736e+00 3.979926266069963692e+00 3.979926266069963692e+00
2.920000000000000000e+02 -3.984700181381783501e+00 -3.984700181381781725e+00 -2.381434022348956070e+00 -2.381434022348953850e+00 -4.234147104369131442e-01 -4.234147104369123116e-01 4.234147104369129222e-01 4.234147104369129777e-01 2.381434022348954738e+00 2.381434022348955182e+00 3.984700181381781725e+00 3.984700181381782169e+00
2.930000000000000000e+02 -3.988911635567778280e+00 -3.988911635567775615e+00 -2.380432558678462929e+00 -2.380432558678462485e+00 -3.709097068168042410e-01 -3.709097068168024647e-01 3.709097068168016875e-01 3.709097068168043521e-01 2.380432558678464261e+00 2.380432558678465593e+00 3.988911635567773395e+00 3.988911635567774727e+00
2.940000000000000000e+02 -3.992560922344665197e+00 -3.992560922344664753e+00 -2.379575328969333103e+00 -2.379575328969331771e+00 -3.182368185275975536e-01 -3.182368185275962214e-01 3.182368185275965544e-01 3.182368185275974426e-01 2.379575328969331327e+00 2.379575328969331771e+00 3.992560922344665642e+00 3.992560922344666086e+00
2.950000000000000000e+02 -3.995648306529401950e+00 -3.995648306529397953e+00 -2.378857838892649124e+00 -2.378857838892648235e+00 -2.654194279633942388e-01 -2.654194279633933506e-01 2.654194279633920184e-01 2.654194279633937947e-01 2.378857838892648680e+00 2.378857838892649568e+00 3.995648306529398397e+00 3.995648306529402838e+00
2.960000000000000000e+02 -3.998174019574760596e+00 -3.998174019574759708e+00 -2.378276213686907337e+00 -2.378276213686906448e+00 -2.124811949038026837e-01 -2.124811949038020453e-01 2.124811949038035441e-01 2.124811949038039049e-01 2.378276213686905116e+00 2.378276213686906004e+00 3.998174019574760596e+00 3.998174019574761484e+00
2.970000000000000000e+02 -4.000138255842951907e+00 -4.000138255842950130e+00 -2.377827233820008601e+00 -2.377827233820004604e+00 -1.594460129854982644e-01 -1.594460129854973485e-01 1.594460129854986252e-01 1.594460129854996522e-01 2.377827233820007713e+00 2.377827233820008601e+00 4.000138255842951907e+00 4.000138255842952795e+00
2.980000000000000000e+02 -4.001541169591347646e+00 -4.001541169591347646e+00 -2.377508364415378495e+00 -2.377508364415377606e+00 -1.063379697523958722e-01 -1.063379697523942069e-01 1.063379697523949147e-01 1.063379697523956363e-01 2.377508364415381159e+00 2.377508364415381603e+00 4.001541169591351199e+00 4.001541169591353864e+00
2.990000000000000000e+02 -4.002382872649453027e+00 -4.002382872649435264e+00 -2.377317778292038941e+00 -2.377317778292037609e+00 -5.318133991977454234e-02 -5.318133991977308517e-02 5.318133991977349456e-02 5.318133991977552072e-02 2.377317778292039829e+00 2.377317778292040718e+00 4.002382872649435264e+00 4.002382872649454804e+00
